-0.0771917320723,-0.0513827350837,-0.0339755166933,-0.0159435651703,0.0496821545965,0.055848653459,-0.032841582378,0.00173355742992,-0.0232055862912,-0.0353529064527,3
0.057596362872,0.00467970636245,-0.0151186072431,-0.0416475220417,0.0554240921885,0.0309506422963,-0.0501922749037,0.0472223653269,-0.0333609245023,-0.0746384479371,0
0.0431778033342,-0.014304197236,0.000677776929885,-0.0518405792934,0.0441028390507,0.0193449819842,-0.0531620415403,0.0637908271833,-0.0306272702055,-0.0748063572212,0
0.041063961121,-0.0102026419715,0.0128477825176,-0.0569935728826,0.0563999305928,0.0359873680975,-0.0542395899998,0.0558662361968,-0.0320717336419,-0.0679289757485,0
0.0380982635808,0.0592085903828,0.0950275758392,-0.0300266758394,0.0501598238082,-0.0417466907314,-0.054883628141,0.0324864176819,0.036015453649,-0.0100079013086,2
-0.0177334464359,-0.0399606056139,-0.0158031437206,-0.0522409362821,0.0349783261065,-0.0335086989442,0.00708085447376,-0.0554272241713,0.0759035384844,-0.0103460679579,1
-0.0531975092904,-0.0385215635999,-0.0324321644894,-0.0269515093736,0.0531611551235,0.0618813729186,-0.0409836552157,-0.00215505826206,-0.0243720584719,-0.0455224407964,3
-0.0186326437299,-0.0532259886345,0.00462611377076,-0.0543915503194,0.0324387567211,-0.0374918862177,0.0158031130286,-0.044914691403,0.0692949393814,-0.0114585143531,1
0.0461638801511,-0.00883618986455,-0.00293025537846,-0.0586890067804,0.0519265740023,0.0385725037947,-0.0473713547391,0.0691130083781,-0.0312851009271,-0.0591264856031,0
-0.0705418767018,-0.042014874959,-0.0269036931457,-0.0239795756698,0.0581846304593,0.068381894749,-0.042673120355,-0.00167913119062,-0.0210299697858,-0.0451376225582,3
0.0483626202542,-0.00125765101066,-0.025076532263,-0.0537636702089,0.0526032595506,0.04682003427,-0.0537702521173,0.0694826592902,-0.0403094888938,-0.0626179740935,0
-0.0693216339519,-0.0448165659411,-0.000601759472305,-0.0213674268164,0.0384905875617,0.0573671904257,-0.0325162530245,-0.0104098294379,-0.0299080170789,-0.0358196945649,3
0.0445017532315,0.00616799766108,-0.0013750715279,-0.0411578481049,0.0546847359733,0.042145417594,-0.0602545919484,0.0616514258828,-0.036940793255,-0.0774792379747,0
-0.0624656181123,-0.0441596585696,-0.0349656550956,-0.0259059415428,0.0503140639315,0.0519447428795,-0.0364932316973,-0.00266181000233,-0.0180165190018,-0.0534251225161,3
-0.0500072705856,-0.0383464016625,-0.00891881363386,-0.0299691603187,0.0353699245966,0.0565583445396,-0.0292223456156,0.0191655505512,-0.023318181689,-0.043252114589,3
-0.0771108534503,-0.0450356149367,-0.0121480647392,-0.0155000150668,0.0443778390677,0.0449682634788,-0.0318588911573,0.00540554831938,-0.0231180584982,-0.0381867915683,3
0.0411570954117,0.0543480421774,0.0996526561036,-0.0267800376559,0.0461891843966,-0.0236638578993,-0.0478776637949,0.0373921388784,0.0418553004571,-0.00185968582379,2
0.0452982683111,0.0043782118181,-0.00997481074866,-0.05650567311,0.0395038289034,0.0483882211859,-0.0498741370253,0.0596492977242,-0.0314169239131,-0.0777566398822,0
-0.0310430693858,-0.0450189296258,0.00820562164507,-0.0614172935461,0.0396338664419,-0.0495479717746,-0.00368649022848,-0.058470418476,0.0602973272153,-0.00414963929459,1
0.0305580221236,0.053384413214,0.0827992226828,-0.0268494981018,0.0364334697134,-0.0471121898091,-0.0553420269628,0.0404125113901,0.048739138316,-0.030966782887,2
0.0281838612713,0.0732868301775,0.0939234491064,-0.0361180083101,0.0497591388423,-0.0402155335156,-0.0617689480678,0.0366687888524,0.0371598449716,0.00737520084081,2
0.0338302091641,0.0562057701235,0.084357296729,-0.0195535524778,0.0486051603593,-0.0405083601745,-0.0552186738355,0.0234235419568,0.059447630872,-0.00200555992612,2
-0.0161270025396,-0.0377011880324,-0.00212031482361,-0.0662892464194,0.033361245909,-0.0491581033214,0.00577978107612,-0.0549146145821,0.0677048401847,-0.011031033872,1
0.0396890716403,0.00195002470231,-0.00717872867497,-0.0516736509559,0.0540775309079,0.0395265404916,-0.0502082887674,0.0575727413183,-0.0252519623272,-0.0510471167396,0
0.0326579781422,0.0673085856286,0.0851482318761,-0.0235874975991,0.0512947951927,-0.0465082358799,-0.0572096596287,0.0400785637566,0.0425278690288,0.00257442074239,2
-0.0641736801824,-0.0490922365844,-0.0214549467765,-0.0203681166426,0.0394251892586,0.0521846015898,-0.0469368438172,-0.000199653848328,-0.0252455050728,-0.0347401902827,3
0.00649525733618,-0.0418155892096,0.000247269352543,-0.0601396474944,0.0321696018866,-0.0400825823115,0.000895628333253,-0.0584493260673,0.059427286542,-0.0172772244152,1
0.0389742846782,0.00214552799712,0.00106480861472,-0.052418776822,0.0491610501436,0.0396327921314,-0.0570757950112,0.0659571673282,-0.0296856571614,-0.0662170460301,0
0.0412965629072,0.0653889126014,0.0887323692256,-0.0250871773785,0.0396285384056,-0.0439466473861,-0.0637036927117,0.0463440952791,0.0383314811865,-0.00292461287172,2
0.0280140948302,0.0658810114493,0.0687464269355,-0.0337033225169,0.0350872419462,-0.0342360393397,-0.054246857861,0.0426882110162,0.047131637304,-0.00311127089672,2
0.041096749048,0.0597882328339,0.0971251482264,-0.0265199066877,0.0478041664225,-0.0432299550824,-0.0574157568543,0.0429412258518,0.0513841566411,-0.00383426062177,2
0.0524721335951,-0.00785239284914,0.0147065171156,-0.0650076211206,0.0533143801854,0.0464010832479,-0.0508108977485,0.0572822026958,-0.0314398746774,-0.0566788001976,0
0.0492600874061,-0.000814238701683,-0.000161449856367,-0.0535148023748,0.0621000184804,0.0429805523599,-0.0563166172124,0.0666619463177,-0.0304008581736,-0.0632855516067,0
0.0368365009878,0.0718454676548,0.0803769347067,-0.0248490110095,0.0401952912579,-0.0241751713501,-0.0469949192032,0.0478048148657,0.0492458124762,0.0222667312157,2
-0.0597618957748,-0.0442733422292,-0.0366951089676,-0.0155922822523,0.0405558336037,0.0727227175879,-0.0381609649299,0.00577582930517,-0.0254325445401,-0.064076609878,3
-0.0718612751361,-0.0569259879696,-0.0507337297636,-0.0111594602659,0.0379027700918,0.0600487493554,-0.0405590613297,-0.00824883521724,-0.022711533282,-0.0574575061662,3
-0.0579026448693,-0.0474769212371,-0.00706872993964,-0.0199413172322,0.0498650423949,0.0517398255057,-0.0310889940442,0.00399512804248,-0.0239877797046,-0.0372133322329,3
0.0497981280181,-0.0100662685887,-0.0132700805864,-0.0409071769902,0.0580589755227,0.0472757618979,-0.060472094523,0.072718689907,-0.038728877714,-0.0707174926827,0
-0.0737593939254,-0.0368499764448,-0.0265013288059,-0.015340861781,0.0452843137989,0.0392418555909,-0.0229209541228,-0.0058740135879,-0.0109776837344,-0.0750094787715,3
0.0294556648987,0.0574748567681,0.081228561942,-0.0258783762828,0.0467870367077,-0.0350226102232,-0.0522837481315,0.045212115632,0.046275603712,0.000762022207718,2
-0.074918000123,-0.0624366160558,-0.0507008187147,-0.0251014381869,0.0343295469868,0.0480778910672,-0.0449446461081,-0.000804144640669,-0.0253767151142,-0.0549994611318,3
0.0259295483705,0.0640066498187,0.0859889466526,-0.0303333397706,0.0473701285068,-0.0364462103348,-0.063686559549,0.0416879597237,0.0380003304667,-0.00481672470091,2
-0.0562599932257,-0.0567784908821,-0.0235839713057,-0.0253338912667,0.0440557950303,0.0469692189752,-0.050122900373,-0.000246185971285,-0.0326917276171,-0.064538688447,3
-0.0618834582784,-0.0571252335117,-0.0169723034729,-0.0240779986117,0.0428075460396,0.0617095161342,-0.041738223399,-0.00958811025937,-0.0143809534643,-0.0496825232963,3
-0.00361607150434,-0.0462998362057,0.00162461507972,-0.0554465926537,0.0356260680252,-0.0442139244286,0.0177238679942,-0.0605348259584,0.0582715797051,-0.00247385198644,1
0.0458165354665,-0.0052974339939,-0.0135521405267,-0.0603057298336,0.0515024998901,0.0486822404784,-0.0504810251569,0.0538006669912,-0.035950952232,-0.0757734011346,0
0.0360926212561,0.0091067017969,-0.0101946942311,-0.0489226340663,0.0435515964088,0.0353602470848,-0.0490218779018,0.070362685957,-0.0210536317568,-0.0767860985918,0
-0.00153383462905,-0.0439269144885,-0.00981058450993,-0.0554746229298,0.0331093717365,-0.0490053827123,0.00583435449865,-0.0398063631938,0.0736985779672,-0.0125116381259,1
-0.070021063778,-0.0536765248348,-0.0336605232084,-0.0180620800834,0.045616527308,0.0658069044602,-0.0432203800075,-0.00994666884806,-0.0244741731543,-0.069632537189,3
0.0311876486577,0.057767678515,0.088168512832,-0.0233663621086,0.0419138487711,-0.0397710408906,-0.0782572801692,0.0373309121652,0.0201141311028,0.00429758765462,2
-0.0553453795677,-0.0565124854413,-0.0349507950665,-0.0189073669224,0.0457669911364,0.0429408943119,-0.0476756359211,0.00895660702797,-0.015294499162,-0.0634812430353,3
-0.0498350802857,-0.0484173473932,-0.0234896215049,-0.0333805845024,0.0357728332485,0.0553247020641,-0.0210871204863,0.00262823567478,0.00319334293092,-0.0365012181212,3
-0.0818250624346,-0.0501855891941,-0.0281679377002,-0.0238163864327,0.0401180023115,0.0529902765042,-0.0379187750633,0.0018850179534,-0.0171762600312,-0.0592198860466,3
-0.00134550705666,-0.0474835238781,-0.0137972087568,-0.0639375682908,0.0383871539776,-0.0388826880152,-0.00130171429578,-0.0532588234955,0.0762432758115,0.00433513695661,1
0.0162213792961,0.0695362763493,0.0805160530075,-0.0224696753072,0.0501099579149,-0.0363825370418,-0.0472547634719,0.0379694071238,0.0342923137544,0.0124443426999,2
0.0439294458411,0.0603783231645,0.0775833231924,-0.0259663383794,0.0445388289602,-0.0406507081428,-0.0423292660997,0.026944705982,0.050952100177,-0.0066677442101,2
0.0227499441179,0.0542737931046,0.0673853416999,-0.0348054715744,0.0452644670447,-0.0381257875646,-0.0654365356324,0.0488604882668,0.0428081954932,-0.0142232150634,2
0.0569623410683,-0.00236369132256,0.00418710470448,-0.0430178873006,0.047557261231,0.0410062842336,-0.0512885526484,0.0560184380651,-0.033667435267,-0.0634316119808,0
-0.0278656737601,-0.0436059215007,0.00210929839204,-0.0614858781026,0.0324010482329,-0.0417057124736,0.0193152642526,-0.0601155740483,0.0634397533656,-0.0175566369456,1
0.0555017217276,0.00426092079987,-0.014434646483,-0.0536466911214,0.0487045751024,0.0511579943997,-0.0599482715304,0.055359234108,-0.0144842062985,-0.068570286523,0
0.0262149944642,0.0707330911776,0.0861770571698,-0.0375591102503,0.044991248371,-0.0418599900864,-0.0556374046713,0.042228342431,0.0431001602113,0.00880575702443,2
0.0506867651511,0.0635956794041,0.0666972413281,-0.0343358896193,0.0371700174963,-0.049307287334,-0.0725958457444,0.0391803368777,0.0427344336394,-0.00385831222476,2
0.0194888039504,0.0537244924925,0.0906884914261,-0.0278232041768,0.0534079467457,-0.0518616564504,-0.0630861370576,0.0467307629471,0.0387834216107,0.0112289274772,2
-0.0777537105416,-0.0445261372484,-0.0203688458009,-0.0128822850158,0.0429367790183,0.0523268991168,-0.0282093563246,-0.00969939520134,-0.0264265510201,-0.0598532158354,3
0.026795453819,0.0529797840156,0.068045054498,-0.0332407457755,0.054876654393,-0.0478897175413,-0.0648637809445,0.0419407137537,0.0524948276406,-0.0144759930254,2
-0.0113058279848,-0.0425472297168,-0.0149759528524,-0.0635818487762,0.0447670471432,-0.0426278751226,0.00248382720228,-0.0480143179857,0.0660782979827,-0.027975448105,1
0.0639765503658,-0.000333872409555,-0.0156384579496,-0.0602448816715,0.0403717744352,0.0363012557037,-0.0561114198693,0.0567891769054,-0.0427265162048,-0.0719634803724,0
0.0311724221599,0.05370333244,0.0839393271852,-0.0151293386399,0.0447374207632,-0.0372120480558,-0.0531541595824,0.0304603917656,0.0365589739685,-0.00223946628977,2
0.0436978989935,0.0677748374176,0.0596123148491,-0.0239206784172,0.0360239352258,-0.0291913773626,-0.0541314892264,0.0382026101366,0.0599612341008,-0.00791019326957,2
0.00153127554991,-0.0445667573921,-0.00988054000685,-0.0610988448474,0.0433786621903,-0.0371867673587,-0.000958523645937,-0.0566773155868,0.0602115079119,-0.0350274631138,1
0.0540478814425,0.00894549080796,-0.0227889049633,-0.0502404863539,0.0508262381917,0.0344966897845,-0.0577651030067,0.0623749790784,-0.0249487832699,-0.0587800000235,0
0.0271052330515,0.0570749687977,0.0856990362049,-0.0319084140929,0.0509411975415,-0.0331751256605,-0.0638660636143,0.0478088802558,0.0510108014218,0.009792475583,2
-0.000740369158743,-0.0440388452427,-0.00936913976567,-0.0669324825036,0.0334040658929,-0.0445922673463,0.00568197882076,-0.0503227582484,0.0731312259296,-0.00344439211891,1
-0.0144003428801,-0.0515635639283,-0.0172584620548,-0.0554902583106,0.0393518360746,-0.0390065614968,-0.000931262722843,-0.0496249902999,0.0744768067143,-0.0122528876072,1
0.055318190362,-0.00795577325419,-0.0133884866552,-0.0733479623003,0.0416286665645,0.030163147586,-0.0443291617273,0.065400249506,-0.0281054698472,-0.0565797760993,0
0.0438892371356,-0.00401112112252,-0.02151289045,-0.051690943659,0.0511129325644,0.0309234547334,-0.0426450374471,0.0513457842963,-0.0253415811848,-0.0609739313884,0
-0.0660935473267,-0.0416088065889,-0.00840172242958,-0.0226402542079,0.044503791078,0.0513898089724,-0.0316354809812,-0.0134064928253,-0.0191477289645,-0.0454954543187,3
0.0517691955414,0.00435122442306,-0.0212725636161,-0.0504481592446,0.0470262759724,0.0385886025178,-0.0509461179909,0.0533594939561,-0.030360113509,-0.0622108861675,0
0.0209186096992,0.0603861211079,0.0901088560486,-0.0197798013911,0.0429929128863,-0.0451976018332,-0.0717442166678,0.0348014094602,0.0441021449052,0.0154993689947,2
-0.0693196268215,-0.0550886101157,-0.00558404339569,-0.0127524054597,0.0373688173661,0.0579324834578,-0.0393589778744,-0.000476928023839,-0.0165445048676,-0.0551637402046,3
0.0565389394323,-0.00676299747397,-0.0098618804501,-0.0552956641805,0.0570975170599,0.0325225703292,-0.0572710590536,0.0514464008154,-0.0267126411798,-0.0867476603641,0
0.037496290095,0.0609684463345,0.0749293100386,-0.0266512953909,0.0497069003492,-0.0299615598191,-0.0596823257281,0.0349864129678,0.0437467121734,0.0134125598618,2
0.0234209441529,0.0572538163992,0.0788399680824,-0.0233793281141,0.0426950675009,-0.0405940600268,-0.0542820456297,0.0297041059365,0.0488938648797,-0.00794800619355,2
0.0518206102586,-0.00944224331712,0.00240398637546,-0.0600227674999,0.0531772764082,0.0262775765799,-0.0586969100676,0.0468012460934,-0.028519207781,-0.0679634453107,0
0.0535837960618,-0.00104828668893,0.0073878976785,-0.0467399822077,0.0553114637405,0.0439635500948,-0.0614955388587,0.0549528559343,-0.0508631442699,-0.0712824564519,0
-0.067127164308,-0.047070125218,-0.0346306028335,-0.0144642565861,0.0407708684802,0.0395341438287,-0.0468772370417,-0.00583352824875,-0.0217319851611,-0.0485433868225,3
-0.0678683624645,-0.0552551743961,-0.0182557429574,-0.0097387226568,0.045424314309,0.0634410087022,-0.0412231388219,0.0037792164474,-0.0175710841647,-0.0537451022595,3
0.0423322419186,-0.0103337328338,-0.027460325583,-0.0627437869913,0.0446165537433,0.0501933659094,-0.0598299156898,0.0671438206063,-0.0384401585201,-0.0693485558214,0
-0.0221101229123,-0.0434713734455,0.0279264486624,-0.0610497403441,0.038089932744,-0.0406619696437,0.000352161772788,-0.0446078787351,0.0575124401918,-0.0197491965799,1
0.0116433226899,0.0456837066063,0.0623812984589,-0.0185135181356,0.0430445654266,-0.0441257801433,-0.0634334120638,0.0380953656402,0.0516033595226,-0.00688672905763,2
0.0542191681012,0.00653235956517,-0.0202492617387,-0.0475962505744,0.0565952756539,0.0476127928828,-0.0574582802353,0.0551536357757,-0.0167029932687,-0.0717483116366,0
-0.0213985437139,-0.0395452680726,-0.011547975162,-0.0581779308695,0.0252292476153,-0.0415794843065,0.00708409272047,-0.0571679986562,0.0621314541699,-0.0374947212585,1
-0.0636212328473,-0.0445379167459,-0.0321296046319,-0.0179891658884,0.0386265808372,0.0511476773807,-0.0413077538688,4.32009576849e-05,-0.0159824276505,-0.0547442015227,3
-0.0556771224095,-0.0416709407108,-0.0336286500968,-0.0199245006138,0.0386987831783,0.0522892224852,-0.0287397351498,-0.0030770882659,-0.0114402965045,-0.0563122987226,3
0.025495641064,0.070538133077,0.094012306223,-0.0236349495918,0.0544176060749,-0.0428350871591,-0.0546424488588,0.040800985417,0.0463599601127,-0.00578761392842,2
0.0402491413454,-0.00715594935832,-0.0255670406309,-0.0560012763414,0.0588574426634,0.0338319280357,-0.0509503540186,0.0597946639813,-0.0247880977124,-0.0814536871897,0
-0.0158299924316,-0.0540062283102,-0.0102724560591,-0.067615224898,0.0224258372085,-0.0369858114957,0.00160455966347,-0.0561616082216,0.0494710329647,-0.00536799965971,1
0.0306292263787,0.0650922376634,0.0750420501563,-0.0311292349465,0.0492437512901,-0.0405207284599,-0.0663710030974,0.0376707539778,0.0544648192401,-0.00469251303525,2
-0.0616661900544,-0.0438972200053,-0.0318577202331,-0.0250098665069,0.0412518192361,0.0491544855692,-0.0432200789032,-0.00700507986621,-0.0231624541605,-0.0564885288935,3
-0.00620876999587,-0.0418862370615,0.00108513862918,-0.0715084808073,0.0382482752398,-0.0423302386441,0.00532978545351,-0.0636984954546,0.0590851739563,-0.0409373632759,1
-0.00918223932707,-0.048660984418,-0.00402004011739,-0.0573164879194,0.026777554047,-0.041778515557,0.00443423757185,-0.0679938424419,0.0613986817831,-0.0232752963505,1
0.0386901103675,0.0639347583382,0.0870780166925,-0.0392061390344,0.0497457764028,-0.0367999209706,-0.0606429679511,0.0322460085993,0.0393884812667,-0.00665944879875,2
-0.0160013436951,-0.0306626064689,-0.00133297630566,-0.0474758082381,0.0327833977922,-0.0345212689818,0.00533458751768,-0.0542159706915,0.0582095667144,-0.0185944956107,1
-0.0223611808063,-0.0407112499461,-0.015503923925,-0.0645676676216,0.0378068067533,-0.0467582332213,0.00544703582297,-0.0589052576568,0.0664225555016,0.00627758710578,1
-0.0136184203482,-0.042731406624,-0.00879592165212,-0.0605983376435,0.032981267968,-0.0278123099049,0.00854147761752,-0.0588092816293,0.0682294997401,-0.0158206781251,1
-0.0605794616526,-0.0443660341843,-0.0483304150296,-0.0159103896136,0.0388279201416,0.0560281597739,-0.041696733391,-0.00651946322266,-0.0398477346831,-0.0607674476429,3
0.0206391260598,0.0617816867122,0.076300281825,-0.022616777652,0.0489103007876,-0.0367133306511,-0.0584131424338,0.0356584049619,0.0387952504015,-0.00945424166975,2
0.0550692847568,-0.00597614820362,0.00206945090193,-0.0587911964851,0.0479785645719,0.040166356498,-0.0550683275474,0.058734427313,-0.0235941074098,-0.059477780136,0
0.042774068169,-0.00881129886173,0.00436230109714,-0.0530792421311,0.047969268163,0.0381906047578,-0.0566860186056,0.0531909832954,-0.0422292002007,-0.0791533678619,0
0.0469785935086,0.0110728596785,-0.000402186537495,-0.054975523541,0.0526350158314,0.038720260786,-0.0506173879291,0.0548570717512,-0.0332464510448,-0.0669503898819,0
0.0406575991581,-0.00480556964378,-0.005909023828,-0.0562034516167,0.0461011254812,0.0391943875293,-0.0530335464356,0.0646205305083,-0.0290063314304,-0.0693616825569,0
-0.0774665064508,-0.0535076578986,-0.0297816477017,-0.0229614780207,0.0436156109704,0.062553935262,-0.0489781317363,0.000953148253607,-0.0159535843393,-0.0598733218508,3
-0.0505903198159,-0.0492323740649,-0.0364247076255,-0.0281304830145,0.0280622305361,0.0567868795435,-0.0307363269538,0.00960242591973,-0.0356055308959,-0.0664749703229,3
0.0136106157913,0.0578376546998,0.0930481280487,-0.0389360722562,0.0417425896828,-0.029352546709,-0.0639154244803,0.0279848637659,0.0460266103395,-0.00363746336409,2
0.0373356557838,0.0630403922683,0.0845164359576,-0.0234889279119,0.0418764975447,-0.0410001101996,-0.0533117596138,0.0401573934246,0.0446416808377,0.00675218964614,2
0.0701968682322,-0.00260730141286,-0.0334145307702,-0.055735686408,0.0466013617758,0.0331981832061,-0.0379660654093,0.0631020120517,-0.014821788267,-0.067173720656,0
-0.0716364219257,-0.0431000697039,-0.0257481363703,-0.0346317255433,0.032988440982,0.0471000165111,-0.0318253327017,-0.00187949224783,-0.00655773278561,-0.0527627972617,3
-0.0131688376725,-0.0517145181909,-0.0292953873215,-0.0623626103963,0.0336895023948,-0.0449700956387,0.00937278273366,-0.0490286012557,0.0574375868383,0.0013284360601,1
-0.0171807211449,-0.0557885246642,-0.0320927869586,-0.066604694933,0.0390284421637,-0.0481916194066,0.00754160941993,-0.0468423991221,0.0671354572185,0.00195436056114,1
-0.0652831185588,-0.0479407534012,-0.00087641508901,-0.0359409800911,0.0460022655681,0.055449387204,-0.0271690087881,-0.00622658002623,-0.0167908676319,-0.0475115631407,3
-0.071053831035,-0.0458528404235,-0.0284469393995,-0.0226134093828,0.0421398678758,0.0538356448169,-0.0364880164378,0.00104574970385,-0.0322725162879,-0.0454561592467,3
-0.0554808373214,-0.0503602886139,-0.0504506474724,-0.0169867794257,0.0349734928907,0.0433735081148,-0.0478915647602,0.00230212001313,-0.0278685403591,-0.0526747456735,3
-0.0164058873804,-0.0437282178385,-0.000759736352615,-0.0506413595951,0.0380206254571,-0.0324875660122,0.00578302136675,-0.0516727653303,0.0641633158697,-0.0273896262693,1
0.0412518905546,0.00093313180062,-0.000297274902383,-0.057284393836,0.0574908680777,0.0453681659601,-0.0537421880992,0.0497182196508,-0.037709936316,-0.0761141444375,0
0.0332766073537,0.067240670684,0.0946132506886,-0.0158232678682,0.0456191052893,-0.0471977951554,-0.058129029609,0.0465002579598,0.0460457913425,-0.00454916482437,2
0.0305411797991,0.0635980189267,0.0693809825301,-0.0255764913243,0.0455061099225,-0.0362569191456,-0.060235511592,0.0365215194982,0.0338961899494,-0.00823249335822,2
-0.0644071389177,-0.0480626620812,-0.0152107052565,-0.00766429747253,0.0463357944106,0.0546254657053,-0.0338282106956,0.00205082348579,-0.0319618706887,-0.0602308278184,3
-0.0650045264169,-0.051014784858,-0.0109580044988,-0.0256032389095,0.03758501535,0.0460139674625,-0.0371518060028,-0.000673109251299,-0.0198300156572,-0.0455309925117,3
0.0533180275941,0.00112785648741,-0.00981652539496,-0.0514254558479,0.0447997156961,0.0333772382292,-0.0557378218715,0.0504245491032,-0.0289699283435,-0.042589839309,0
-0.0726581303776,-0.0532397498811,-0.0160358622678,-0.0243023580293,0.0515569274791,0.0648838171396,-0.0409583745903,-0.00315982412313,-0.0260973834098,-0.035567847587,3
-0.0659091041602,-0.0386978044867,-0.0103298615976,-0.00955507627059,0.0497067220189,0.0522443629548,-0.0407880996414,0.0077136733037,-0.0358758315681,-0.0483496696309,3
0.0604857118292,-0.00202774390801,0.00734630116341,-0.0612651028606,0.0457586449309,0.0357031097677,-0.0532867406621,0.0544611402377,-0.0116559247987,-0.0779856659963,0
-0.0122375944877,-0.0490088394638,-0.00632315073297,-0.0654468477411,0.0398503081995,-0.0441136971584,0.0202049405144,-0.0492833800412,0.043081874613,-0.0182613863926,1
-0.0121450245046,-0.0433587644891,-0.0213262007599,-0.0622782355586,0.0259034122798,-0.0423958593746,0.0130966209436,-0.0614631119951,0.0586887069593,-0.0186126059554,1
0.030076491429,0.0607694232188,0.0741202382698,-0.0316960860968,0.0523418392562,-0.046575752841,-0.0589237866687,0.0273864095595,0.0513515360341,-0.0011681084648,2
0.0314186787072,0.0715021459287,0.0639900975632,-0.0309261955539,0.0422196107341,-0.0321299675517,-0.06070268925,0.0300809185452,0.0440846361463,0.000609427146302,2
0.0432107582793,-0.00556379681702,0.00620276926536,-0.0539266295069,0.0499415886325,0.0277555808624,-0.0445340024815,0.0577030478629,-0.0264118580733,-0.061168547207,0
0.0484183143738,-0.00651274958559,-0.0170166840097,-0.0571425738008,0.0381556231719,0.0338280200627,-0.045679494067,0.0668196783858,-0.0359084680069,-0.0629120424388,0
0.0184536064375,0.0570063726573,0.0957995743969,-0.029612312358,0.0477794604897,-0.0412163388032,-0.0449859272501,0.0488830236799,0.0497883753291,-0.0113639179832,2
0.0376361438952,0.0557833250773,0.0897415062387,-0.0168638047638,0.0396770036127,-0.0351125551501,-0.0564071436288,0.0338244942753,0.0574826689176,-0.0018804282866,2
-0.0589656837858,-0.0503338207133,0.0103392003943,-0.0227021170105,0.0381161404103,0.0624519122539,-0.0343326786787,-0.00480045936837,-0.0312005334677,-0.0474635803119,3
-0.093603202391,-0.0461224097497,-0.0328976323829,-0.0265953315443,0.0413228448469,0.0523805239482,-0.0323275243353,-0.00143041631395,-0.0250282189261,-0.0561926376327,3
0.0593440770609,0.00801898252575,0.0105454750687,-0.0554177700953,0.0539524525208,0.0378735977192,-0.0538724564604,0.0611773145509,-0.0337808785822,-0.0719251642453,0
-0.00161464178766,-0.0412921283762,-0.0107765595488,-0.0572178182551,0.0300706377567,-0.0543535816027,0.00999113790606,-0.0458568595194,0.0626976349333,-0.00863079055846,1
0.0469021902833,0.00752569771242,-0.0112680697573,-0.0486100771528,0.0464144695306,0.0391590537458,-0.0652312325892,0.058733916471,-0.0472976988213,-0.0720370828144,0
0.0224369591708,0.0457401152778,0.0768455985437,-0.0286070684586,0.0454033973817,-0.033587772796,-0.0716673481191,0.0373737637461,0.0464098644551,-0.00360565102047,2
0.0191249799147,0.0512398703139,0.104236302003,-0.0214605751248,0.0465886757287,-0.0453897874658,-0.0591302441083,0.0280335920891,0.0484059320289,0.00130238105487,2
-0.0692777698886,-0.0436537217042,-0.0206964672224,-0.00736723498119,0.0376222800728,0.050026323806,-0.0319545017197,-0.00386853138385,-0.00708061618944,-0.0321674558273,3
-0.0590872626884,-0.0483843481657,-0.0337626861957,-0.016450287723,0.0547494008842,0.0470480940479,-0.0384371601275,0.00116645463643,-0.0301835612367,-0.0506352816113,3
-0.00387985327472,-0.0470488574096,-0.0102061190395,-0.0534135478257,0.047437635083,-0.0359004002083,0.0129753716476,-0.041342303513,0.0528159856114,-0.00974992920179,1
-0.0718940747968,-0.0339251847461,-0.0143909711632,-0.0241655109316,0.0424647836609,0.0555597277778,-0.0381338807285,0.00241352509974,-0.00798725097275,-0.0510825671756,3
0.00102583894532,-0.0383768244687,0.0154104250001,-0.0553734708606,0.037812146236,-0.0454869738254,0.00256447454959,-0.0537966774755,0.0739903301154,-0.00339383027326,1
0.0289936163893,0.0516236182394,0.0578890610636,-0.0309609509689,0.0419071746346,-0.035101034755,-0.0704129008321,0.0354004081621,0.0456784044686,0.0135859393401,2
0.0509541834098,-0.00126491508665,-0.0228515607209,-0.0535507463501,0.0440535336237,0.0340917645918,-0.0446293312377,0.061451973232,-0.0476617692194,-0.0728716049003,0
0.0172480695656,-0.0465101846825,-0.0297336316994,-0.0502944630177,0.0238292072682,-0.053451374122,0.0153940142535,-0.0539086304337,0.0631605553426,-0.016155774093,1
0.0282432809975,0.0575172366748,0.0686724224488,-0.0201433855382,0.0446343830713,-0.0404777699265,-0.05368793021,0.0286573080099,0.0516357559467,0.000443877206181,2
0.035658318105,0.00726127478954,-0.013804483497,-0.0510770470891,0.0501620490811,0.0406484856474,-0.054969203965,0.0587242955082,-0.033854940406,-0.0626135323741,0
0.0401574370331,-0.0109994907875,-0.012070207657,-0.0535223487109,0.0455366414344,0.0361508996601,-0.0585846043725,0.0616693868485,-0.0281249024942,-0.0734211201368,0
0.045006596238,-0.00448554367289,0.00917750104397,-0.0620866909057,0.0540298964298,0.0414176196173,-0.0588806809076,0.0688706068065,-0.0178190252543,-0.0681393520474,0
0.0543208816315,0.000858512024011,-0.0134015368273,-0.0347877266305,0.0457703641633,0.0334066206163,-0.0472272206107,0.0592101681712,-0.0337261812352,-0.0772267632277,0
-0.0579583218649,-0.0505458695957,-0.0116786445232,-0.0270732586605,0.0351985962498,0.0544912906775,-0.0419880258715,0.00337541694345,-0.036955867974,-0.0663978553751,3
0.0577928981992,0.00301273501755,-0.00107523744679,-0.0458560109007,0.0513654803939,0.0340847354479,-0.0604740741284,0.0518656387292,-0.0287520654188,-0.0727613505347,0
-0.0545403090338,-0.0459803230261,-0.0213766998266,-0.023725873943,0.0449071655313,0.0514744598435,-0.0477516741093,0.00795179381833,-0.0330334154864,-0.0524409667346,3
-0.0130678910818,-0.0476266824047,0.000888479063248,-0.0563756978796,0.0353012115191,-0.0526429695822,0.0126776869455,-0.0605625285572,0.0750565424994,-0.00199469892427,1
0.0388314540118,0.0654295684127,0.084414165299,-0.0201680514092,0.0556329850359,-0.0450030253295,-0.0623744180526,0.0334920906315,0.0519982154297,-0.0138235585963,2
0.0337624319416,0.0565797339295,0.0916637672293,-0.0313949212027,0.045237968271,-0.0480142813993,-0.078428884279,0.0409228393465,0.0374271173011,0.00251485049157,2
0.0616651194664,-0.001053031743,0.0153755188008,-0.0559341922646,0.0533369013565,0.0261682366887,-0.0545100336241,0.0601143698136,-0.0351195799541,-0.052923155066,0
0.0461257183998,-0.00535662638497,-0.0059061158186,-0.0516176815982,0.0597844014859,0.0442388826833,-0.0550513266479,0.0564237358347,-0.0539129416473,-0.0754670051134,0
-0.0515955529261,-0.0497684801583,-0.0402447320007,-0.0138172932449,0.0425544089336,0.0552297683803,-0.0314283920701,0.0036404634834,-0.0148090671671,-0.0619006140471,3
0.0569619694164,0.00137111035432,0.00638760553531,-0.0489569613569,0.0538823038058,0.0424229655758,-0.0641791097365,0.0473964824484,-0.0205889190355,-0.0746443356423,0
-9.83783051502e-06,-0.0342879003154,-0.00476005852021,-0.0635554186604,0.0379288179632,-0.0335191135747,0.00155165799621,-0.0481246124382,0.0505490717271,0.00148454973639,1
-0.00608759254544,-0.0423408891812,0.011525242703,-0.0617627641297,0.0387172787035,-0.046070606174,0.0168608218766,-0.0597685353619,0.0485531217653,0.00281109319834,1
0.0526947120386,-0.00430626364094,0.00462212299567,-0.0532576042265,0.0458640257853,0.0292762772919,-0.0454967911841,0.0675291299957,-0.0428606506744,-0.0663505427628,0
0.0315191487111,0.0676278690077,0.0959299999954,-0.0271080670111,0.0414220110263,-0.0515155699928,-0.062618898151,0.0346099637339,0.0424594739084,-0.00221788318033,2
0.0437085490807,0.056621339434,0.0801012684882,-0.0230055588012,0.0564565439033,-0.0457174193406,-0.0499710414753,0.0460832448414,0.043852933038,-0.00083312548074,2
0.0046291718338,-0.0403810797373,0.00303449366389,-0.0672280957921,0.0447435584494,-0.0289931257327,0.00270187456585,-0.0591128919568,0.0653101115502,-0.00925136223317,1
-0.0281145404316,-0.0545227769326,-0.0154598016271,-0.0493699515914,0.0466894712419,-0.0405807658116,0.00355130076681,-0.0409174904613,0.0656099477077,-0.0162302868912,1
-0.00200134683706,-0.0525634772477,-0.0168511933561,-0.068966437609,0.0449004866252,-0.0403343901208,0.0115485887398,-0.0495256593469,0.0575965428436,-0.024869496223,1
-0.0686804743408,-0.0420631414453,-0.00986512885526,-0.0271337909989,0.0375513298523,0.0491510142952,-0.0323872468137,-0.0058183798968,-0.0337393151581,-0.0552488110109,3
-0.0174853505152,-0.0435265063858,0.00456798020329,-0.0567257812459,0.0371074736688,-0.0456218776276,0.00260931968315,-0.050540688111,0.0600248288117,-0.0172035938363,1
0.0167225145896,0.0435565486559,0.0756951688908,-0.0264106572343,0.0347122700184,-0.0411451443395,-0.0613963460499,0.0286122242354,0.0441255049335,-0.00130594769137,2
0.0205042260754,0.0514379165605,0.0880232988337,-0.0293790414103,0.0301257709892,-0.0302754091678,-0.0581128558052,0.0356394072181,0.0491379221565,-0.000747408481529,2
-0.0133642310291,-0.0345660085008,-0.00747773059191,-0.0631451833649,0.0308193299489,-0.0368576707343,0.00774439090374,-0.042222082985,0.0744476709072,-0.0196833790339,1
0.0444658349052,0.00157937365232,-0.0310109157822,-0.0457655281294,0.051115578001,0.0417400684824,-0.0450841534325,0.0649471808928,-0.0252712743217,-0.0580171653735,0
-0.0537805863862,-0.0453353623593,-0.0405220429355,-0.0244614279263,0.0335544521254,0.0700486384859,-0.0367110749215,0.00182979996106,-0.00516540893433,-0.0471929569229,3
0.0218220666092,0.0555056264363,0.0734190109088,-0.0196660101797,0.041316100448,-0.0475228560654,-0.0611309692749,0.0351013159252,0.0503538515839,0.0194329368367,2
-0.0720854712772,-0.0500016573962,-0.0111520344174,-0.0186300184725,0.0395238982547,0.0554094522157,-0.0357419174696,0.00577359390953,-0.0581313586975,-0.0504393144009,3
0.0240276771165,0.0584691615363,0.0911528437518,-0.0236650300907,0.0403520543363,-0.0457961442453,-0.0599124446889,0.0407353187361,0.0431369754005,0.00359331748988,2
0.000754326521152,-0.0407434954171,4.06319843827e-05,-0.0604740549896,0.0349371896379,-0.0325778849587,0.0118274156116,-0.0575629388248,0.0628483811652,-0.0225820838446,1
0.0285214559738,0.0522498200595,0.0846053090324,-0.0255913491136,0.0431659802691,-0.0317196427958,-0.0484515206641,0.0363520825236,0.0472562950408,-0.00868591943575,2
0.030100932665,0.0530891286107,0.0766283601757,-0.0212372960677,0.0355159959414,-0.026677335633,-0.0541065088171,0.0339747249413,0.054395212029,0.00362029162999,2
-0.0106821512681,-0.0423223588979,-0.00794290032836,-0.0616759134086,0.0367091232782,-0.0482729041208,0.00839921951764,-0.043461029752,0.0716802183619,0.00437521977263,1
0.0327370263265,0.0643769749877,0.0805331346806,-0.0341086965823,0.0442937429857,-0.0454531994081,-0.0841455322552,0.0413533120918,0.0507275771469,-0.0112538514113,2
-0.0139931115918,-0.0364265093482,-0.00881161628679,-0.0647970580535,0.0294459687948,-0.0285779937844,0.00683151865277,-0.0691616968686,0.0658922915451,-0.0139238868752,1
-0.0032201399867,-0.0439695048785,0.00729206027733,-0.0564754563942,0.0338961596789,-0.0231026245525,0.00581486046864,-0.0537366070285,0.0730561600921,-0.0111526485025,1
0.0398575504129,0.00288497925515,-0.00983713273751,-0.0542733209946,0.052212066093,0.0353706118875,-0.0513529354705,0.0546835234712,-0.031893310462,-0.068273776415,0
-0.0686048753969,-0.0511386924568,-0.0238943930191,-0.0185373256098,0.0432942682435,0.0562905519908,-0.0379525854427,0.00269922146142,-0.0236235149446,-0.0358414408717,3
-0.0239923634517,-0.0464296786196,0.00566822345121,-0.0639076919657,0.0293583352214,-0.0295161811725,0.0135078513592,-0.0574713970248,0.0802546823181,-0.00788779476464,1
0.0169126724672,0.0587064037578,0.0691433342885,-0.0237015109421,0.0610911612309,-0.0272430969825,-0.0605434863764,0.0372526137857,0.0677285587361,-0.0189076592005,2
0.045853213852,-0.0168518827934,-0.018679849927,-0.0580823888539,0.0480071508769,0.0374399947283,-0.0590883145489,0.0498396464557,-0.0336044870576,-0.060799361209,0
0.021434192203,0.0532159064439,0.0784654164818,-0.0298570760746,0.0492188557006,-0.0404118525333,-0.051295314937,0.03786885279,0.0399629409233,-0.00184595017171,2
-0.0628849092693,-0.0413920842977,-0.0343778028592,-0.0236843250783,0.0383130674611,0.048298411155,-0.0406178230057,-0.00938279846728,-0.0299411477719,-0.04636628456,3
-0.00877668712969,-0.0426340031993,0.0107199694056,-0.054999706226,0.0401847975149,-0.0492608827582,0.013139283044,-0.056601436166,0.0511607096336,-0.0207844034756,1
-0.015723323051,-0.0428635133485,-0.00771153506132,-0.0743630083557,0.0318268189025,-0.0424400669369,0.00103117230821,-0.0478402343324,0.0537604716086,-0.0154888983215,1
0.0370549111895,0.00822062305848,-0.00306512353767,-0.0599697972395,0.0503367594792,0.0482996804931,-0.0507216970993,0.0738967798379,-0.00588751843358,-0.0595921617365,0
-0.0668738292135,-0.0431668828033,-0.0187018136566,-0.0185364956056,0.0455036411114,0.0707223503708,-0.0331539049689,-0.00626081540693,-0.0499466455062,-0.0595512657425,3
0.0193991467731,0.0558500568117,0.0671144334143,-0.0166669494006,0.0495360086784,-0.0441069468535,-0.0628010612498,0.0341871241805,0.0456554404411,-0.000549894888506,2
0.0318066926415,0.0580794589977,0.0855690287929,-0.0243144191083,0.0465240979575,-0.0369698291662,-0.0588557804214,0.0336779039779,0.0312107477765,0.0151709116741,2
0.031451098728,0.0669813697759,0.0759487881646,-0.0233117732944,0.0452303027581,-0.0430058898813,-0.0606545036089,0.0320620623668,0.0450043152581,-0.00700300690921,2
0.0487409918472,-0.0130533740183,0.0027829708498,-0.0511861833538,0.0427907873388,0.0372810536402,-0.0497768702095,0.0679878345992,-0.0414026130501,-0.0858591847635,0
0.0437231525523,0.0631218227535,0.0906759722214,-0.022815312405,0.0423029265449,-0.0359019040179,-0.0623571978777,0.0553510213759,0.0305018836938,0.00682213550041,2
-0.0644331026474,-0.0513708895022,-0.027114388055,-0.0163008829449,0.0362065811086,0.0581878505933,-0.0308683293187,-0.00265753441346,-0.021839159829,-0.0518391321268,3
-0.0219262750929,-0.0368186765427,0.0264526678721,-0.0710860388763,0.039473699341,-0.0433675355643,0.0010882559655,-0.0529048715205,0.0784222055557,-0.0186615527328,1
0.0308910839071,0.057336095235,0.0833111358683,-0.0330821002512,0.0439605677281,-0.0428280080806,-0.0589883630285,0.0329657139758,0.0502904883397,-0.0253123715437,2
-0.056327090686,-0.056602668818,-0.0083775723291,-0.0128779212687,0.0436610020339,0.0375905267355,-0.0272248675353,0.000132423813585,-0.0201426703075,-0.0515220989778,3
-0.0047892881956,-0.0387093236186,-0.0258545388339,-0.0649540986688,0.0408216498922,-0.0365845873736,0.00849933353902,-0.0477838075226,0.0621815105079,-0.00443589929619,1
-0.00877459350088,-0.0519981075434,-0.00927115149787,-0.0700961392764,0.040346153827,-0.0400707755999,0.0116692542563,-0.0464559110744,0.0682310096743,0.00136857625755,1
-0.00626320958579,-0.0433063696406,-0.0183015870561,-0.0610849633731,0.0270911252324,-0.041945483459,0.00681628281935,-0.0620300913894,0.0520750674891,-0.00551622982625,1
-0.0701459623297,-0.0539600408117,-0.0169838110109,-0.0140246250218,0.0545328196384,0.0390225408569,-0.0318247508347,-0.00411260555658,-0.0132195505753,-0.0478703207982,3
0.0265594700253,0.060510089341,0.103077112717,-0.0335879600828,0.0387706706754,-0.0379335394463,-0.044684927399,0.0262907677811,0.0424061481416,0.0124104052828,2
-0.0195402292293,-0.0408301295521,0.00705650441154,-0.0605498610171,0.0321436630822,-0.046084924616,-0.00588079963258,-0.0541009587008,0.0580312810822,0.00115039020723,1
0.0506611117472,-0.0011378397565,-0.0186748758725,-0.0562942251941,0.0514984944425,0.0509079239238,-0.0607105610509,0.0480858926027,-0.030699178581,-0.0829596890956,0
0.00860893796892,0.0604357341902,0.102631634476,-0.0304228855039,0.0541913346095,-0.0321513484873,-0.0530297430647,0.0340571127764,0.037774026164,-0.000542340921804,2
-0.0531837288938,-0.0416366733896,-0.0272110113175,-0.0218113629613,0.0360923427129,0.0549266375404,-0.0355118658642,-0.00421175338987,-0.0175966468324,-0.0677193827232,3
-0.00747267000984,-0.0473500433432,-0.0245816503221,-0.0532642387232,0.0404377595409,-0.0357755902567,0.00928382383017,-0.0576434284424,0.0572474734419,-0.0126608976308,1
0.0122888873815,0.0758030054635,0.0925898406286,-0.0167340980035,0.0443490307401,-0.030694269579,-0.0570541070588,0.0355430142418,0.0611118676714,-0.0156141380743,2
0.00111455256177,-0.0395573152903,-0.0176321436458,-0.0556214586068,0.0283566698248,-0.0331776288282,0.00339487387693,-0.0511554209263,0.0575498195408,-0.0167305828271,1
0.0492474196181,-0.00723422417211,-0.0169295943352,-0.0550634438088,0.0403313287367,0.0396796294434,-0.0521296180404,0.0669959647927,-0.0171401150346,-0.0709829142283,0
-0.0213946832896,-0.0386780430581,0.00343183230275,-0.0556509891813,0.0364432532137,-0.0402475571723,0.00278605914552,-0.0618395977616,0.053779946125,0.000430044929802,1
0.0323173418751,0.0535669345438,0.083984209893,-0.0253359506298,0.0468123854031,-0.0373034836315,-0.0586816941938,0.0455367103038,0.0545415648639,-0.00140695809879,2
0.00075264556231,-0.0552453892827,-0.00956316903867,-0.0745211151788,0.0313900006027,-0.0422055131029,0.00194307506101,-0.0690606687863,0.0834296974105,-0.0340462512776,1
-0.0668686788071,-0.0476247937599,-0.0170400458367,-0.0277578910305,0.0380295366878,0.0495616507546,-0.0420580459007,0.00639622881378,-0.0158328362226,-0.0479648293649,3
-0.0132015702516,-0.036923299718,-0.0112780294621,-0.070069012836,0.0416097713611,-0.0494787128316,0.00920362371803,-0.0519190235252,0.0790864600943,-0.015580292572,1
0.0394377196319,0.0602690436089,0.10307408556,-0.0165888872821,0.051698832675,-0.0228410257279,-0.0565289266707,0.0487440802922,0.0537350523373,-0.0111872866369,2
-0.0578952419738,-0.0473537384137,-0.033318765054,-0.0207961191276,0.0403581868491,0.0562921667292,-0.0327947711889,-0.00635304992307,-0.0199495619808,-0.0551410002719,3
0.0267368180414,0.0617628656347,0.0890148463094,-0.0218864957674,0.0437465365261,-0.0421793443033,-0.0597557980454,0.0436880130412,0.0541977593976,-0.0118262784473,2
0.0508961283395,-0.000459316500268,-0.0216442903812,-0.0603607597363,0.0546832956728,0.0487523673192,-0.0468014790631,0.0663250143044,-0.028867853398,-0.0736368234974,0
-0.0706884123704,-0.0499416391297,-0.0234825185616,-0.0268332956157,0.0439027078816,0.0543641023884,-0.0405521944458,-0.00353252921376,-0.0149472276137,-0.0465360777622,3
0.036065786061,0.0590242827926,0.068878591421,-0.0263644171531,0.0363000061283,-0.0499279932667,-0.0487772014178,0.0363647673533,0.0607922851494,-0.00626291652061,2
-0.00573532884172,-0.0459146847604,-0.000732987439182,-0.0538364799636,0.0341560352229,-0.0405511508642,0.0130790099408,-0.0427249069403,0.0600049976393,-0.0239914370306,1
0.0457667558114,0.0114630855569,-0.00870920285614,-0.0531179968007,0.0497349667241,0.0442467936582,-0.051990600261,0.0585307485152,-0.0311348777527,-0.068736088129,0
0.0514857765649,-0.00445165272358,-0.0175796227652,-0.0388146917958,0.0564270180167,0.0386234963718,-0.0575344837161,0.0491464471865,-0.0322026813794,-0.0686090629145,0
0.0482253979017,-0.00897067323742,0.00742859642121,-0.0466647634031,0.0514042984451,0.0361143737766,-0.0590077579908,0.0662876215,-0.0270194024544,-0.070409184892,0
-0.0658898588719,-0.0421526434048,-0.0262680056841,-0.0275108862719,0.0470443206305,0.0625845270027,-0.0453304791745,-0.000123561960715,-0.0176461719611,-0.0445868857413,3
0.00535050950335,-0.0471713968964,-0.0144213776133,-0.0516611438581,0.0451925038702,-0.0453449278495,0.0135023721179,-0.0491635961388,0.0636716583739,-0.00901551233921,1
-0.0599684639851,-0.0526344912254,-0.0354308980098,-0.02183301826,0.0480800141734,0.058834459483,-0.032822436334,0.000833839318643,-0.021809616761,-0.057872085145,3
-0.00223809677245,-0.0386939714337,0.00850036941131,-0.0544210138445,0.0383061446505,-0.0471255654634,0.0163657792598,-0.0498813715521,0.0469417165579,-0.0212011861409,1
-0.064583444055,-0.0383482383058,-0.014742475633,-0.0168982120164,0.0315582080458,0.055872147693,-0.0295965058788,-0.00477632141452,-0.0183609469209,-0.0561469701891,3
0.050767400845,0.00311964688887,-0.0213275648169,-0.045245064788,0.0491806823132,0.0304845857155,-0.0513158478196,0.0488290838448,-0.0254684140299,-0.0554038155839,0
-0.0124867865452,-0.0343174758693,-0.0111526236835,-0.0609986539168,0.0314629765738,-0.0437072393992,5.61677991648e-05,-0.050140302012,0.0626982090499,-0.0235806689876,1
0.0184731836467,0.0586974512074,0.0570068220869,-0.0235486911124,0.0475611404804,-0.0383888769351,-0.0644996998614,0.0301947644491,0.0514899454004,-0.00453193945306,2
-0.0703320248995,-0.0500402371871,-0.0216824163262,-0.0148197043858,0.0420615549122,0.0564946381619,-0.0376617857815,-0.00165719003838,-0.0136232763223,-0.0494710258192,3
-0.072016781617,-0.0471450563105,-0.039410968661,-0.0234862027047,0.0401933111895,0.0655044387563,-0.0401585789911,0.0029767585186,-0.0167956339953,-0.0533067067532,3
0.0428067167443,0.0614781680525,0.0855961519816,-0.0304476491341,0.0529646064332,-0.0407211646995,-0.0542857304495,0.0329748873013,0.0411209426273,0.00074004162301,2
0.0524863512688,0.00270498235356,-0.00300753271371,-0.0597237760102,0.0509605096612,0.02338653624,-0.048578954961,0.0664690684586,-0.0198507972824,-0.0756696392337,0
-0.067089863863,-0.0558879797227,-0.0141872325214,-0.0220148922646,0.037251315801,0.0617229254531,-0.02739494546,0.0094399762803,-0.0271506753412,-0.0535001981447,3
0.0372139690054,0.0609372794284,0.0855838878176,-0.0196798605569,0.0419143199786,-0.0419116639976,-0.061074426323,0.0378221378444,0.0520423199075,-0.00468953816462,2
-0.0793371179032,-0.0441777715647,-0.0174623564458,-0.0129530338984,0.042457783835,0.0579222989627,-0.0383282691898,-0.00129176960511,-0.0323640067133,-0.0462767750338,3
0.0174122153507,0.057401482557,0.073447955206,-0.0346794299864,0.0414473793504,-0.0355613507242,-0.0500528304042,0.040606551208,0.0493451329919,-0.00985291639481,2
-0.0197899197584,-0.0501929786462,-0.0222620713017,-0.0603997906958,0.0375851850623,-0.047228813552,0.00967778382919,-0.0386636668692,0.0649738961037,-0.00344409397135,1
-0.0537060768281,-0.0488687148636,-0.0540955365666,-0.021777277755,0.0484160888054,0.0395314673566,-0.0502690386313,0.0052792145444,-0.0127731620897,-0.0578434547053,3
-0.0775986998418,-0.0459038868016,-0.0336043525139,-0.00881612668343,0.0361991473226,0.0703191591612,-0.0376371463208,0.00634797734759,-0.0160839401952,-0.0560019745981,3
0.049202017131,0.00182633554923,-0.0111130286009,-0.0547391671625,0.0556164968278,0.044829541975,-0.0516110573902,0.0438591121228,-0.0267698199167,-0.0624777519555,0
-0.011037393923,-0.0383252662652,-0.0186234974799,-0.058202532166,0.0324883456294,-0.0460974836,0.0086953888753,-0.0324013321713,0.0793133311655,-0.00687325728547,1
-0.0642661157201,-0.048987726495,-0.0213576431369,-0.0196822188855,0.0452309986961,0.0552575826152,-0.0423694614109,0.00194980543706,-0.0233703635862,-0.0367030816386,3
0.0480797260861,0.00287020848587,-0.0227894990185,-0.0407489403377,0.0610947981431,0.0356476290862,-0.0523942123398,0.0663987519461,-0.0285149366057,-0.0835044386428,0
-0.0642080519943,-0.0536574772342,-0.0427608844993,-0.0206433061978,0.0552380932946,0.0688474479194,-0.0498309068572,0.00497599080633,-0.0163081671317,-0.0557489682696,3
0.0263587789831,0.0565793953696,0.0960027980735,-0.00856009003619,0.0469565707072,-0.0614418426519,-0.0575379999512,0.0402501139811,0.0530450810267,0.0086375357806,2
0.052601694374,0.0138233045201,-0.00947630642289,-0.0422610445412,0.0386516868329,0.0386165945676,-0.0574284627285,0.0523872910386,-0.0258058599219,-0.0539479732697,0
-0.0082423203313,-0.0396657612386,-0.00393065610639,-0.0819941825224,0.039268832263,-0.0485651050918,0.00584288910618,-0.0501048942377,0.0609325773796,-0.0176343798989,1
-0.0591290189864,-0.0411456120541,-0.0314698497137,-0.0255755051595,0.0318107850383,0.0545403264359,-0.045984858319,-0.00492629927205,-0.0259153242387,-0.0634536675128,3
0.0318955569883,0.0629823395343,0.0783805294605,-0.0318775669706,0.0548895112322,-0.0354976785118,-0.0564937565957,0.0280999134215,0.047248840189,-0.011245613934,2
-0.000224935527031,-0.0529145801034,-0.0151552865239,-0.0664689616086,0.0297017207531,-0.0432918501126,0.0134053107635,-0.0444433629263,0.0713064905885,-0.0182057901007,1
0.000732812486729,-0.0421083855627,-0.0119226612815,-0.0632807072431,0.0447623322256,-0.0428591127976,0.0134719941325,-0.0417350238081,0.0500103358337,-0.0163846351108,1
-0.0156833850686,-0.0452850869959,0.00767888270776,-0.058813320225,0.0347885442552,-0.0479184300301,0.0137235695995,-0.060018529153,0.0479217854675,-0.0167675987346,1
-0.0209286394751,-0.039466950427,-0.0140875087622,-0.047552696155,0.0295027758215,-0.0342151451873,0.0170583250816,-0.0641398061925,0.0637630243924,-0.0118986497824,1
-0.0838266616814,-0.0542020585694,-0.018920366391,-0.0126507272532,0.0445663229206,0.0408493408144,-0.0373668355478,0.00712154793085,-0.0219074060816,-0.0470250595197,3
-0.067025068519,-0.0495489286516,-0.0275951049898,-0.0139692607634,0.0457784552058,0.0533861383773,-0.0468999830455,0.00864167089073,-0.0254375779074,-0.0404756198799,3
0.0429482969759,-0.00153559445032,-0.0304865961741,-0.0668859015652,0.0488488695275,0.0381627119649,-0.0613966575058,0.0602721714265,-0.0347459565933,-0.0587266412799,0
0.0278990267359,0.0441460577783,0.0930501532345,-0.0209914072549,0.0508387155781,-0.0528114771578,-0.0548196765873,0.0343948320994,0.0482204606847,-0.00273150412028,2
0.0340858511223,0.00998595478171,-0.0257316322477,-0.0528045085456,0.0449040088988,0.0415377220296,-0.0547096675895,0.0479710664565,-0.0301504872158,-0.0772839650354,0
-0.069136120662,-0.0451722039443,-0.0389960943704,-0.0306993809031,0.0355614095605,0.0569779227796,-0.0289464184525,-0.0175514336121,-0.0220219991279,-0.0457095425454,3
-0.0191738404883,-0.0391437241009,0.0238809694174,-0.054067457807,0.0421799896844,-0.0420604431656,0.000954251152959,-0.041947531573,0.0730938069145,-0.0227280624874,1
-0.00329541360156,-0.0378700982293,-0.0139561593083,-0.067824585046,0.0416025721087,-0.0483980894653,0.0103725845127,-0.0469342593623,0.060324401855,0.00128634594323,1
-0.0170764342546,-0.0486299542514,0.00125266667523,-0.0703987857105,0.0338399921325,-0.0479701890741,0.00732855937012,-0.0572810388305,0.066039743167,-0.0379533245284,1
0.0510887072223,0.0101781026235,-0.00564506460399,-0.0567554484986,0.0618903525796,0.0489755333433,-0.0481631419682,0.0617039491981,-0.0226247804212,-0.0613650386892,0
-0.00633420463414,-0.0511474009325,-0.00618168483801,-0.0649045174532,0.0298955512704,-0.0358774960932,0.00924613488052,-0.0561210014643,0.0683023427626,-0.0278119181749,1
0.0468962936041,0.00707972396604,0.00307313830282,-0.0586583958292,0.0546399032453,0.0424179131473,-0.0558003566137,0.055256474251,-0.0196539307741,-0.0673612983456,0
-0.0613880922782,-0.0593800852713,-0.0241120246171,-0.0180850392816,0.0392353855348,0.0570347882984,-0.0426274985694,-0.00986672774031,-0.0154250907192,-0.0700744621022,3
-0.0720495365189,-0.0534430001052,-0.0173660070018,-0.033131341341,0.0434267200141,0.0589431839584,-0.0283442377217,-0.0124600937972,-0.0250173541165,-0.0541870007077,3
0.0182299730546,0.0658486456777,0.0804449738063,-0.0260291655879,0.048788187373,-0.0447503216706,-0.0636477421428,0.0352068198348,0.0307791661463,0.0170458107113,2
-0.0624280241566,-0.0468311972335,-0.0366080560477,-0.0147307242219,0.0401184048881,0.0602930340342,-0.0464965602325,-0.00247068178275,-0.0336316895821,-0.0514282097523,3
0.0529612493117,0.00391648469755,-0.0116477068204,-0.0542002431968,0.0576955892201,0.0496837336091,-0.0605701810739,0.0631505098018,-0.0450291434947,-0.0797905105234,0
0.0469493819853,0.0025547957215,-0.00728190178663,-0.0462706871821,0.051865953742,0.0410681383946,-0.0556859647747,0.0587126963172,-0.0332571508149,-0.071023002352,0
-0.0687319048372,-0.0453973584595,-0.0265079525312,-0.0235397041497,0.0437787389861,0.0642254879634,-0.0382007720057,-0.00460738133003,-0.0225480654384,-0.0552905271267,3
-0.0631749770316,-0.0327156239532,-0.0271079752394,-0.00910240770497,0.0472023973075,0.052206995746,-0.051550903429,0.00328072821173,-0.0149753828978,-0.0631933430406,3
0.02794958366,0.0694339161483,0.0784005987726,-0.022880907567,0.0358999689526,-0.0414809816686,-0.0671176748673,0.0421981364935,0.0349664248069,-0.00379578015287,2
0.0346489929353,0.0617771670105,0.0834647213511,-0.0183596262468,0.0516918817076,-0.0341367425673,-0.0692018428767,0.0396137503912,0.0496859489632,-0.0123971292126,2
0.0363985587622,0.0578392433444,0.0599487961995,-0.0328759097225,0.0473865799496,-0.0407747973065,-0.0507762510575,0.0348868188448,0.0385179906193,0.00882917170375,2
-0.0129643071411,-0.0453817151919,-0.00880440070103,-0.0628732001031,0.0399242424638,-0.048298013477,0.0104656811341,-0.0460559309826,0.0847724200653,-0.0186435430273,1
-0.0169408829008,-0.0442128386445,0.00401783088108,-0.0713660715075,0.04213258578,-0.0451796313387,0.00454678625824,-0.0549465311985,0.0721196033035,-0.00383630795032,1
0.0484154192358,0.00819737481673,0.0136258921245,-0.0478643671152,0.0389415761274,0.0545661271468,-0.0592277602257,0.0571325940815,-0.0421221778091,-0.072736010069,0
-0.00285456208279,-0.0511480305708,-0.00846320250748,-0.0732949189914,0.0392061062813,-0.0430741876694,0.0105818730007,-0.0406306205074,0.0654408570704,-0.00486404705111,1
0.0641297739766,0.00486285283412,0.00345561482024,-0.0417163998001,0.0563450419823,0.037294810864,-0.0621341079608,0.0460381695902,-0.0245768180814,-0.0926679447237,0
-0.0139514579093,-0.0392368306573,0.00564150002685,-0.053503500055,0.0418906170477,-0.0377451111441,0.0079661753144,-0.0618762599676,0.0608294286299,0.0036424838422,1
0.000427618733124,-0.041011666476,-0.00310114977323,-0.0605470468243,0.0448292203653,-0.0466934775296,0.0109737263871,-0.0376885385536,0.0669344312963,-0.017742554292,1
-0.00515757381819,-0.0342494562978,-0.00684022505629,-0.0584813508092,0.0350220665685,-0.0390662488653,0.00207146636293,-0.052130625556,0.0627922539362,-0.0139545642892,1
0.0448459524163,-0.000757545547332,-0.00290323915352,-0.0503587410259,0.0558631857305,0.0402157524116,-0.0617371212942,0.0582551140912,-0.0254324167201,-0.0653890345696,0
0.0018170622772,-0.0586272230751,0.022362274675,-0.0654166930468,0.0345760268802,-0.0574331367344,0.00703754063578,-0.0578756536442,0.0700363859999,-0.00895837072014,1
0.0583195791853,0.00515007682718,0.00378244803715,-0.0407111506856,0.0623840016865,0.0381758913802,-0.0529573187535,0.0562247163925,-0.0321486511943,-0.072524440531,0
0.059614642493,0.00964377040714,0.00464395660565,-0.0616224967455,0.0533687785908,0.0443582365326,-0.0504921896298,0.0717818341343,-0.0287379580831,-0.0650988846081,0
0.0457766686907,0.0537058241154,0.0733006471745,-0.0294438492608,0.0520616573261,-0.0383476151076,-0.0551043148779,0.0476804747442,0.0416085617412,-0.00879651122147,2
0.0501514068595,-0.000157326935159,-0.00402846032865,-0.0633392562042,0.0541077544475,0.0431295337056,-0.0487558873419,0.0491215215397,-0.0329941533588,-0.0605428343739,0
-0.0163339540079,-0.0542142863965,0.0009935525803,-0.0710958296717,0.0418222109442,-0.0343560875895,0.0141381201795,-0.064608876953,0.0695023940395,-0.00919964956988,1
0.0308178211975,0.0499185624751,0.0698657585966,-0.0271861377228,0.051812190349,-0.0426889719322,-0.0577107548638,0.0472359817761,0.0547765398296,-0.0161833330699,2
-0.0101306484134,-0.0473922916213,-0.00145716593977,-0.0475230389236,0.0427850981035,-0.0503840111687,0.00263291419455,-0.0655600763086,0.0695725697312,-0.0304971722944,1
-0.0738571144543,-0.0447865792447,-0.0257831061711,-0.0289360294058,0.0435846097635,0.0640432365823,-0.0398231100305,-0.00834205046755,-0.0230190415011,-0.0573875136351,3
0.0276966453501,0.0533790108023,0.0932612020655,-0.0230468914526,0.0460288292045,-0.0334901382267,-0.0591181165056,0.0252796279519,0.0427302858963,0.00104217772269,2
0.0291741371327,0.0650861001214,0.101367785994,-0.0234199529212,0.0401615354201,-0.0439048537694,-0.0663150878426,0.0366059234747,0.0545439174798,0.000261173249615,2
0.0565115952765,0.0156427481954,-0.000983074134734,-0.0636238572911,0.0483178042898,0.0487667622384,-0.0559943579388,0.0627196819599,-0.0334249262304,-0.0763901929221,0
0.0489455080745,0.00460230189447,0.0236651740487,-0.0523058990067,0.0538203155341,0.0410831706192,-0.0559053403877,0.0473498191434,-0.0342163626874,-0.0839791314146,0
0.0278055392868,0.0741974213004,0.0799889684648,-0.0212394401276,0.0561652040438,-0.0465892382323,-0.0740590403319,0.0421358025527,0.0442040309157,0.0187354696931,2
0.0249639164129,0.0679129760981,0.0958059422844,-0.030194959806,0.0437783882237,-0.0305132753097,-0.0528994003067,0.032259940232,0.0491300686431,-0.0142228621568,2
-0.0121116331787,-0.0402687933417,0.00777348491359,-0.0619516388121,0.0352766065444,-0.0372315180688,0.00641422706171,-0.0529181861373,0.0736543733691,-0.0129360650197,1
-0.0670058973689,-0.0449079771513,-0.00501355811059,-0.0223922838151,0.0481008379314,0.0513474207617,-0.032338509312,0.00302694096462,-0.0160224234685,-0.0581634570666,3
-0.0687861430468,-0.0541103967211,-0.0381476046622,-0.00398017283906,0.0395997009614,0.0498274971409,-0.0342252502769,0.00169956282397,-0.0115474192688,-0.0626607540987,3
0.0560513654203,-0.00104987000094,-0.011617306732,-0.0547768172817,0.0562537434141,0.0336865353002,-0.0504327869481,0.0553031595675,-0.0360329512901,-0.0566398487003,0
0.0260792000954,0.0501099735442,0.0668488671402,-0.0368249142363,0.0486070421128,-0.0243691241633,-0.0602498114922,0.0341137576397,0.0414382990068,0.0207830867408,2
-0.0203923012624,-0.0439646006121,-0.00680487818781,-0.0599802935269,0.0351167295491,-0.0420257131538,0.00773625429549,-0.0604763040517,0.0595094359676,-0.0103489137944,1
0.0154735687081,0.060971530008,0.0681036744476,-0.019332956315,0.0566212596127,-0.0424786977799,-0.0437069163878,0.0413369588555,0.0482016842869,-0.00843018295157,2
0.029700548169,0.0593191012619,0.0821283193668,-0.027876185732,0.0359921116914,-0.0433367090525,-0.0559090769387,0.043536656856,0.0407161590858,-0.00685017207273,2
0.035286338522,0.0548978830732,0.0806353741203,-0.0280555061533,0.0500155529936,-0.0314178207376,-0.0537090009467,0.0349589022124,0.0519278893954,0.000633932270283,2
0.0304744884897,0.0604040862752,0.081916513569,-0.0217583878391,0.0488565455834,-0.0455622447769,-0.0633194306261,0.0383434988039,0.0537154207524,0.00474452706684,2
-0.0674201797119,-0.0519470760661,0.00233714868208,-0.0365818139541,0.049827848355,0.0448228888006,-0.038119721561,-0.0106229771395,-0.0189259031335,-0.0428912838168,3
-0.0217009575186,-0.0520608157449,-0.00625145152734,-0.0651057396299,0.0294814618506,-0.0304466446757,0.0100710906853,-0.0643461114186,0.0782666401749,-0.00411975421596,1
0.0327617304585,0.0579997116043,0.0759618306099,-0.0240534112549,0.0535759929568,-0.050241849114,-0.0653142273922,0.04425662469,0.0440266186186,0.00301692031678,2
0.0434251491282,-0.00391000964566,0.0101453120045,-0.061651008392,0.0550353111098,0.0503098208707,-0.0598653377689,0.0762236184377,-0.0274351483751,-0.0569973333806,0
0.0225616817018,0.0550895758025,0.0961020723923,-0.0235507437664,0.0461231959477,-0.0303039681837,-0.0486118414148,0.0309769522964,0.042598317154,-0.00427506785773,2
0.0653815627552,0.00973438983742,0.00410430636351,-0.0621437315207,0.0509733858769,0.0518276357881,-0.0636571440668,0.0725025613456,-0.023180049867,-0.0757691822214,0
0.0324225123952,0.0669359646611,0.0746042866856,-0.0255455331362,0.0389651309489,-0.0390317515447,-0.0530117572807,0.0391227368442,0.0476142567944,0.0106329833995,2
-0.067720560872,-0.0506883953947,-0.033066570099,-0.023960775318,0.0464620294776,0.0550656559325,-0.0211761426327,0.001899609948,-0.00969413154317,-0.0449043627147,3
-0.00153049141135,-0.0565903259821,0.00556838627345,-0.0674502945741,0.0319293940884,-0.0336080466813,0.0273747682,-0.0450589636576,0.0757774981945,-6.96977246058e-05,1
-0.0193537869167,-0.0443654161164,-0.00871941669946,-0.0673599619379,0.0403639215778,-0.0447998086025,0.00625859340789,-0.0480390207971,0.0845492953303,-0.0104241890372,1
0.045468232619,0.00206322510481,-0.0104377686685,-0.0568798466679,0.053564534508,0.0429377566041,-0.0528099330644,0.0575496988247,-0.0350950718028,-0.071080946574,0
-0.0157779967248,-0.0597476727195,-0.0176885144206,-0.0694288272221,0.0264187011144,-0.0415336362371,-0.00761469418287,-0.0443388874524,0.0684865934101,-0.0309581651676,1
0.0476229761671,-0.00126208029186,0.00973698149089,-0.0451920043719,0.0594086004575,0.0346515572741,-0.0602386345901,0.0620496605873,-0.0372452484291,-0.0846581054576,0
-0.074777868821,-0.052041291759,-0.0328614950383,-0.0193522049746,0.0413587020056,0.0524412895394,-0.033163039869,0.00257437202022,-0.0341511374224,-0.0426019277827,3
0.0475775092816,0.00232206737498,-0.0304840550823,-0.0587877992781,0.0499622108806,0.0404021461178,-0.0525033981837,0.0589378613089,-0.037524659687,-0.0753749100902,0
0.0631220831774,-0.0192037088453,-0.0103339128777,-0.0554474618148,0.0528061116205,0.0383567881521,-0.0507193743983,0.0670115997024,-0.0332015083721,-0.081427118277,0
0.056526622624,0.00722609043635,-0.0318278514448,-0.058332194503,0.0519600776116,0.0518597479144,-0.054679582734,0.056426025456,-0.0365017155176,-0.0840736622538,0
-0.0661918390223,-0.048956854181,-0.0361614547793,-0.0157426929157,0.0552258485173,0.0527537258071,-0.0407659775655,-0.0107322128732,-0.00344575671024,-0.0753629960534,3
-0.0623685579215,-0.0465733679528,-0.0300102534438,-0.0173627867897,0.0536371480236,0.0642015042378,-0.0377472357963,0.00668293987447,-0.016475892161,-0.0533572251969,3
-0.0881677095524,-0.0586213737348,-0.0208500123004,-0.028875678132,0.0332231979599,0.0574491161771,-0.0441061504413,2.31530091301e-05,-0.015913361491,-0.0324748720261,3
0.043076390634,-0.00181175753793,0.0215410826648,-0.0503619563685,0.0472385228868,0.0212095563167,-0.0520357384699,0.0628394606967,-0.0235454575636,-0.0740860795095,0
0.0322585958111,0.0532303287727,0.0778805388826,-0.0234438022646,0.0433928980274,-0.036397249603,-0.0510132026423,0.0430460177479,0.0317789369161,0.00953200051615,2
0.0215891374619,0.0572042117936,0.0764722928464,-0.0195572303614,0.0418187389954,-0.0395297598635,-0.0603899918428,0.0509841810615,0.0455635290739,0.00157635062302,2
0.0586920221304,-0.00478638166335,-0.0123667593583,-0.0441248631112,0.0418876710872,0.041425804899,-0.0550455969586,0.0557714618524,-0.0365452580762,-0.067887935191,0
0.0180552019845,0.0584995088439,0.0684064978012,-0.0250760188141,0.0418703977734,-0.0344272161746,-0.054833588969,0.0273968675544,0.0394560215532,0.00137091717506,2
-0.0673343851775,-0.0567624693613,-0.0293317214594,-0.0183992629401,0.0413616340529,0.0607760470626,-0.0371913068296,-0.000372104411608,-0.00849237696627,-0.0386453421911,3
0.0481105971825,0.00795730596344,-0.0111445995367,-0.067518784917,0.0551321678294,0.0377238524971,-0.0562298292603,0.059002935314,-0.029106228529,-0.0743529239007,0
0.00455797360035,-0.0420577303588,-0.00372711552371,-0.0619276761993,0.0347379186507,-0.0405574906143,0.00345747852387,-0.0470213896356,0.0679684891474,-0.0106275178695,1
-0.00440869555281,-0.0342178442082,0.0137256506223,-0.0562542283377,0.0366401017892,-0.0355307741469,-0.00245759040875,-0.0398257798871,0.0629965889713,-0.0143580333523,1
-0.0158264652809,-0.0466232121021,0.017514108986,-0.0636408738485,0.0189473979611,-0.0491403420687,0.0155692781984,-0.0427666589014,0.0629813855001,-0.0270440762312,1
-0.0658318113403,-0.0404061654356,-0.00728887569223,-0.0119819394405,0.0324064015125,0.0518921353587,-0.0367397353935,0.0102071680837,-0.0413635741121,-0.0451478021739,3
-0.00998575430152,-0.0496513980183,-0.0231112790179,-0.0596708454001,0.0310364489267,-0.0454863761059,0.0126354419542,-0.0583971135392,0.0621258442529,-0.00849582650341,1
0.0154937265906,0.0644154929036,0.0804158133338,-0.0263767480659,0.0518403761981,-0.0392240485209,-0.0544299110483,0.0431437143076,0.0400162564004,2.18133298834e-05,2
0.0311051519079,0.0714350781903,0.0795125771001,-0.0222066007611,0.0398966042553,-0.0373036440916,-0.0700158172022,0.0409205434347,0.0582462815991,-0.0133391375322,2
-0.0204268797379,-0.0426931089323,0.014957972034,-0.0538206734701,0.0438073006326,-0.0351915244738,-0.00310509656591,-0.0593522003311,0.0470678751187,-0.0151145372537,1
-0.0109409161057,-0.0352309189695,0.00757261286534,-0.0651395084784,0.0303977938245,-0.0448126724122,7.49190909399e-06,-0.0467232864226,0.0775385450412,-0.00989371409544,1
0.00124272205405,-0.0588817346235,0.0192989416472,-0.0571755451757,0.0348908941449,-0.0400366604457,0.0143153475827,-0.0502491276123,0.065086644739,-0.0198608862639,1
-0.0125980915743,-0.0468015699251,-0.012768986195,-0.0495277622878,0.0335924038428,-0.0424656030776,0.00681269001113,-0.0542984959822,0.0395922103068,-0.0105520927942,1
0.049767944245,-0.00899403896027,0.00136381260741,-0.0551152379963,0.0531872345219,0.0353735786051,-0.0586177840768,0.0482543232053,-0.018224543275,-0.0797857419317,0
0.0439530633025,0.0675981208431,0.0721314277788,-0.0407887297226,0.0532790358501,-0.0398569381378,-0.0527353538532,0.0456913882587,0.0391851668293,-0.0146483099782,2
-0.0654375674852,-0.0542754924758,-0.00976934071672,-0.0196431998987,0.0371786647696,0.0496151561289,-0.047356537485,0.00215905010882,-0.0207603792725,-0.046431790517,3
0.0124609689713,-0.0419377632431,0.0041258093652,-0.0522187206552,0.0352136540018,-0.0485528961129,-0.000272640302139,-0.0513423647897,0.0723825340551,-0.0260135167918,1
-0.081648834379,-0.0460849773805,-0.0338127571094,-0.0321600172451,0.0382793119823,0.0530256085226,-0.0392836543184,0.00395918925102,-0.0313145582494,-0.0464971813027,3
0.0452256189493,-0.00424312542473,-0.000170849680655,-0.0500122084159,0.0429786214163,0.0281199183131,-0.058082913144,0.0646949383618,-0.0444740509564,-0.0700473992541,0
-0.0763310964109,-0.0384177753658,-0.0206734234506,-0.0343838790959,0.0536940644997,0.0495703335453,-0.0320691804779,-0.00176704202702,-0.0233314716009,-0.0510899718609,3
0.00427176373899,-0.0383690907047,-0.00237201302857,-0.0600446010239,0.0362750210086,-0.0407109252328,0.0165271414306,-0.0589066339106,0.0644663836457,-0.0172556901919,1
-0.00466251357688,-0.054808755704,-0.0158865214368,-0.0641332568873,0.0291986516634,-0.048636716889,0.00797117289985,-0.0653365994822,0.0616092303792,-0.0199300921957,1
-0.0568395970638,-0.0547166744055,-0.00315202134626,-0.0212040693147,0.0297038025269,0.0589091265656,-0.0368659541888,0.0115112658682,-0.011145110856,-0.0604608497488,3
-0.0655238043586,-0.0466372685993,-0.0257419819429,-0.0199026058206,0.0474727066868,0.0627536846001,-0.0299867479664,0.00450603148866,-0.0275590101966,-0.0677723140688,3
0.0388493176585,0.00633355617855,-0.0015304579713,-0.0554793875445,0.0414537445804,0.0392108212177,-0.051973478361,0.0516779213727,-0.0362374683747,-0.0700773323374,0
0.04510408444,0.00345483476984,-0.0080322952276,-0.0550606181139,0.0625644507725,0.0485118729073,-0.0496257385807,0.0651000245735,-0.0307620446222,-0.0683663743768,0
-0.0695682504506,-0.0518083193839,-0.0268086268421,-0.0197349212968,0.0340391220638,0.0490574142669,-0.0411256716044,0.000934843836502,-0.00278195971285,-0.0531203467134,3
0.0611543013628,-0.00747066379955,-0.00909538999975,-0.0581374203939,0.0481839267575,0.041272771825,-0.0556393030447,0.0533095170402,-0.0369033479526,-0.062094070046,0
0.0525655828569,-0.00560591763589,0.00147227488429,-0.0529208847294,0.0623654201445,0.0395774986084,-0.0633343369274,0.0533980438707,-0.0484230489061,-0.0682036818911,0
0.0500314146926,-3.0518929099e-05,0.0161694828189,-0.051361855974,0.0505521675085,0.0377774497747,-0.0488814031216,0.0620621318958,-0.0220991511564,-0.0651887274542,0
-0.0132655328319,-0.0379903306196,0.00905668071046,-0.0662462394939,0.0270325110639,-0.039480132766,-0.00615578802322,-0.0495805084041,0.0725432213931,-0.021754667828,1
-0.0113445929661,-0.0521303481311,0.0050168575887,-0.0706974119981,0.0293922009452,-0.0520928199579,-0.00145976548881,-0.0634205079188,0.0704010964535,-0.00590353960864,1
0.0470222011395,0.000507246588575,-0.00424195269267,-0.0615927870263,0.0595618037427,0.033977543943,-0.0542069290487,0.0640625521641,-0.042147183951,-0.072699867585,0
-0.0146732456961,-0.0488686782954,-0.0030669964236,-0.0597399404217,0.0328091920958,-0.0427470167476,0.0145962197216,-0.0513649552194,0.0587730314752,-0.0160201572076,1
0.0210132229163,0.0571432169056,0.0759888457384,-0.0242107304857,0.0569687142572,-0.037409958452,-0.064640385671,0.0412676887923,0.0411774549354,-0.0134805190753,2
0.0392700760012,0.0564426488831,0.0817233639883,-0.0361117273157,0.0526997383244,-0.041060375422,-0.0631457312324,0.039626396751,0.0514005202988,-0.00415746774067,2
0.0343892288878,0.0699415684886,0.0937088395628,-0.0325777583298,0.0508595293709,-0.0331049620186,-0.0519834643588,0.026984319995,0.0466763347826,0.0003601343873,2
0.0206297731058,0.0501371241623,0.0667470517995,-0.035251685744,0.0486873287058,-0.0380161885976,-0.0496311734292,0.0357265864267,0.0406010449361,-0.031246607352,2
-0.0115870568493,-0.0497459422754,-0.00785677980447,-0.0600021240682,0.0297866707964,-0.0360759151308,0.00847558050262,-0.0675974899767,0.0548811942299,-0.00986036829795,1
0.000884278601864,-0.0443918608607,0.00585162424949,-0.0627618632937,0.032141450618,-0.0411116144837,-0.00145327336327,-0.0475036742897,0.0722976354886,0.001682555512,1
0.0550185021698,0.00443918070367,-0.00283721703571,-0.056847997817,0.0617296443273,0.0313701825415,-0.0480763061076,0.05554738537,-0.0314526820805,-0.0603506154216,0
0.0517132208724,-0.00488721961498,0.00574250069651,-0.0578604821806,0.058536151897,0.038320318162,-0.0532910044228,0.0636540420442,-0.0209448949094,-0.0843073765023,0
0.0403641640914,0.0592904759607,0.073772402121,-0.0294786245335,0.040703212508,-0.0280186222417,-0.0584510588302,0.0490345133719,0.0477621553517,0.0117920377585,2
-0.0626627727647,-0.0658704667518,-0.0283065410892,-0.0161943725353,0.0481762883486,0.0432360793373,-0.0401097978906,0.0049515832337,-0.0365937428197,-0.0557528815481,3
-0.00390416591813,-0.046584110803,-0.0114711000635,-0.0629578201823,0.0407341105308,-0.0370350692076,0.00379369190931,-0.048838361843,0.0535724622084,-0.0193554406359,1
0.0359415580144,-0.0048362732877,-0.000607987001919,-0.0563509825377,0.0575963700705,0.0401469707202,-0.0551133857135,0.0589221912121,-0.0331441630144,-0.0740233457409,0
-0.0706626350505,-0.04528380578,-0.0127005033847,-0.0263215833981,0.0477036735073,0.0492666950968,-0.0355286333017,0.000532174353721,-0.0189327633047,-0.059807876844,3
-0.00290120876479,-0.035295096662,0.00993321417033,-0.0614193793221,0.0430962571139,-0.0491313357283,0.00376500958637,-0.0580701156418,0.0623880684377,0.00265844432963,1
-0.0663619484805,-0.0524693637161,-0.0302788584909,-0.0185498170802,0.0442081541688,0.0453251936683,-0.0325264380771,0.00394223864281,-0.0292373270731,-0.060661462466,3
-0.00568676140676,-0.0357801697521,0.00430461967611,-0.0672936068817,0.027418452051,-0.0443945359048,0.0160426907072,-0.0558852961589,0.0560738996855,-0.0112555326548,1
0.0495619761004,-0.00326200942029,-0.00565789459831,-0.0415811774028,0.0489261458712,0.0408718175375,-0.060517809372,0.0626178482054,-0.0339667370867,-0.0601284299677,0
-0.0643238632278,-0.0533600678033,-0.0288340674053,-0.00994863614403,0.0381018364009,0.0515130068112,-0.0300999787377,0.0100384599621,-0.00902976847928,-0.0555286379793,3
0.0279859088095,0.0556277284641,0.0833088662087,-0.0265914749392,0.0493842014501,-0.0335521369447,-0.0511801552656,0.037359977418,0.0364272745094,0.0162912464725,2
-0.00900844568729,-0.051048699404,-0.0235607757992,-0.0559070762343,0.0309382042147,-0.0469015251466,0.00637168722491,-0.0563907504571,0.0681619796602,-0.00944756846659,1
0.0314095903647,0.057609543745,0.0714746615857,-0.0229782130228,0.0474081044191,-0.0357241301403,-0.0497948816062,0.0288630658934,0.046258230814,-0.000413310489012,2
-0.0659061730564,-0.0532595456227,-0.0288228085378,-0.0278779158797,0.0528099775144,0.0458734445822,-0.0436279574419,0.00723591622146,-0.00912519623619,-0.0542738311555,3
-0.0597517137234,-0.0624663378702,-0.0204110989392,-0.0116900288499,0.0415361621356,0.0653348875413,-0.0374526318005,0.00352035725518,-0.0251392694433,-0.058902756375,3
-0.0668368857301,-0.0439777720183,-0.0293005626188,-0.0222469271889,0.0535075473837,0.0599501831679,-0.046935036973,-0.000461948427593,-0.0184140230779,-0.0490027128486,3
-0.0477995668346,-0.0525333924127,-0.0300378133611,-0.0151546567321,0.0408353381213,0.0437947158709,-0.0320499778813,-0.000442910132366,-0.0257832828088,-0.0630139515253,3
0.0332230416794,0.0535388410708,0.0839705853881,-0.0280018727857,0.0604081125679,-0.0419948667895,-0.0531874329246,0.0456111236038,0.0536753956394,0.00640211610802,2
-0.0732590223743,-0.04877913788,-0.0423838138437,-0.0353880787416,0.0380559677304,0.0543978955212,-0.0401302331137,0.00148389632324,-0.0100492091843,-0.0581275542639,3
0.0537030844291,0.000847367076106,0.00447530628686,-0.0652217335226,0.0534105127575,0.0272024791358,-0.0501195411026,0.0562163571909,-0.0328701477172,-0.0753280090592,0
-0.0503292260786,-0.0565921059263,-0.0238004864143,-0.0275519972798,0.0379613633117,0.0602262625748,-0.0384312052044,0.0099165557528,-0.0118393586758,-0.0512206800851,3
0.0352788183813,0.0521386371967,0.0905651832395,-0.0346215570102,0.0471894287347,-0.0421783585902,-0.0655030693879,0.0415821661587,0.034577306704,-0.0113750577203,2
-0.0647743086305,-0.0413041738286,-0.0338071553161,-0.0146788172031,0.0486221759569,0.0575675292336,-0.0436801258251,-0.0112298436798,-0.0220289268864,-0.0350934243939,3
-0.0585167700231,-0.0452887902086,-0.0367479901148,-0.0228017241329,0.0444042532265,0.0510448862582,-0.0468350953258,0.00677866347053,-0.0197904011674,-0.0487319821066,3
0.0463838785406,-0.00565471511261,-0.0129338587915,-0.0654158078317,0.0567592027205,0.0379881842684,-0.0417545267595,0.0635463227018,-0.0458134400255,-0.0833799474949,0
-0.0306427787935,-0.0440828014167,-0.0147849865376,-0.0550730699231,0.0327355736923,-0.0535361170321,0.0127816712011,-0.057038414113,0.0626454644359,0.00418202720921,1
0.0235477386788,0.0576737581652,0.0801657046128,-0.0189110270575,0.0522091616202,-0.038491616629,-0.0433122357833,0.0232359045324,0.030400892639,-0.00977251805441,2
0.0270067551414,0.0618467811167,0.097959898531,-0.0301913572285,0.0529144834669,-0.0467412650865,-0.0523371503501,0.0292762112617,0.0456106047394,-0.0132238841918,2
0.0406495212107,0.00594933153301,-0.0190771929478,-0.0461747154179,0.0607636653776,0.0464831631874,-0.062854346799,0.0644889492501,-0.020672601245,-0.0721350642349,0
0.0277527613052,0.0525453309256,0.0719934183409,-0.0309046280316,0.0449557294282,-0.0347942736612,-0.0640848288681,0.0476776867139,0.036735215581,-0.00693920908082,2
0.062626631618,-0.013068002869,-0.00786298725378,-0.0506956008105,0.0425508365243,0.0531339690606,-0.0574349480645,0.060588587804,-0.0129726132229,-0.0572789972807,0
0.0229220222863,0.0626699185868,0.0899169801069,-0.0244321329694,0.0370896582146,-0.033073987429,-0.0624488622766,0.0363977396211,0.059516936802,0.00561610782664,2
0.0497546764641,0.0112850143416,-0.0261070722146,-0.0596249159065,0.0490176635725,0.0407810648071,-0.0428166773387,0.0627163295793,-0.0360279518628,-0.0815122921062,0
0.000516299077621,-0.0475743974007,0.0128050257886,-0.0628567914735,0.0440682512319,-0.0429667104043,0.0203996386912,-0.0473276013559,0.0755419429908,-0.0108157108335,1
-0.00633801052484,-0.0308504624342,-0.0148149746986,-0.0631657748286,0.0289660499764,-0.0372188301594,0.00780640641224,-0.0561324221212,0.0779131582009,-0.00959893334239,1
0.0573924312521,-0.00102692576157,-0.00396923959983,-0.0545607163618,0.0550031899689,0.0412599665135,-0.0556732918081,0.056019359611,-0.0143960378913,-0.0736844824309,0
0.0296153876989,0.0456555269122,0.0648974690252,-0.0305147117959,0.0493590489462,-0.0438663338114,-0.0646765567247,0.0441825002312,0.0453629820338,0.00296308458916,2
0.0658451555766,0.00413269249769,-0.0197293515176,-0.0542740574565,0.0505601137421,0.0319975997452,-0.0592567845798,0.0555310211994,0.00347931634913,-0.0740993656367,0
-0.0668124167553,-0.0455391909015,-0.0177125215316,-0.0170228849996,0.0401306279495,0.0636177804339,-0.0372914168712,-0.00482483114121,-0.0260954581796,-0.0501153490773,3
-0.0664597816914,-0.0351408602856,-0.0364345333423,-0.0194372961766,0.0486754292043,0.0470513361646,-0.0362033967705,-0.00357713567679,-0.0261610999937,-0.049749588768,3
-0.00517540840849,-0.0504925096189,-0.0162464890466,-0.0596258258795,0.0318640997061,-0.0535806501985,0.00436659177292,-0.0536340934567,0.061420197417,0.00393481937125,1
-0.016699028612,-0.0406931199851,-0.0166978201358,-0.0644279480377,0.0418291974717,-0.0344440525672,0.0165718814688,-0.0682641332768,0.0691976198875,-0.0167228482145,1
-0.0709112087342,-0.0540609347973,-0.0339447840419,-0.0332524958624,0.0434994240734,0.0522184255676,-0.0483147375052,0.0194822159872,-0.0234720917536,-0.045136123348,3
-0.00304340909278,-0.0393616701598,-0.0140500771124,-0.0616044504457,0.0428034696427,-0.0372038882681,0.0170389705275,-0.0762628414588,0.060322088865,-0.0251158384497,1
-0.00162962139682,-0.0469827993973,-0.000884449798284,-0.0625297158956,0.0302252209114,-0.0488468971708,0.000996326651659,-0.0654413808383,0.0798786133192,-0.0228001321132,1
0.0324411297098,0.0579069435792,0.0784506560017,-0.0356181569739,0.0537370008778,-0.0365481325089,-0.068031897326,0.0329877110982,0.0456927805127,-0.000292271536695,2
0.0261442163079,0.0494236049837,0.0844054188348,-0.0288331374404,0.0558333569526,-0.0392464140196,-0.0625309194857,0.0473303168168,0.041290230674,0.0199079379633,2
-0.00614243580534,-0.0636300092877,-0.0253815819001,-0.0660466310381,0.0320555781813,-0.0551148442339,0.0110745895531,-0.0490504146557,0.0677931942431,-0.0135823600321,1
-0.0773403476069,-0.0470566057167,-0.0319452346887,-0.0183172514631,0.0504973510849,0.0605224750858,-0.0404960375056,0.0043402543295,-0.00625805807089,-0.0567796955438,3
-0.0625280923132,-0.0393308670084,-0.0171749147344,-0.0219373159814,0.0394252912176,0.0541465432719,-0.0369246841858,-0.000570507027181,-0.034367184497,-0.043507292325,3
0.0391736279169,0.00350461210364,0.00409529366081,-0.0627250087939,0.049888260897,0.0315326443842,-0.056654256014,0.0572376064521,-0.0195854838893,-0.0595763959268,0
0.0317039382549,0.0640721731063,0.097148519726,-0.0190075521005,0.0469520267042,-0.0422000944987,-0.0550479652031,0.044414574021,0.0712159438128,0.00440992401685,2
-0.00531439307764,-0.0452927516244,0.00829992133087,-0.0564384821121,0.0321673740534,-0.0390201300336,0.00692215844262,-0.0438689657842,0.0603405413054,-0.00944156732268,1
0.030047968396,0.0525275302059,0.0761006655753,-0.0167017182675,0.0455817375457,-0.0409032331346,-0.0594919100927,0.03944520455,0.0583751336705,0.00298037298796,2
0.0196007342675,0.0542310799771,0.0899531393609,-0.0286706849197,0.039532780455,-0.0461628611023,-0.0495693300028,0.0421713506548,0.0582737306608,0.00470446955542,2
-0.014049610949,-0.0524923634893,0.000325175384102,-0.0580980100312,0.0314876366042,-0.027215089393,-0.00137425496065,-0.0464352155619,0.0562224845955,-0.00174005904027,1
0.0469802449725,0.00409271127142,-0.00292711422359,-0.0451428876039,0.064714477688,0.0405094103438,-0.058187202578,0.069671050903,-0.0287202404232,-0.0590117508028,0
-0.0619976437683,-0.055215760074,-0.0133896854359,-0.0278507604131,0.0598539175872,0.0595243565104,-0.0342852429385,0.0096602861828,-0.0131225099844,-0.042700967078,3
0.0265710951704,0.0523018581251,0.0802855978276,-0.0329743865944,0.0434056422931,-0.0357229336759,-0.0517756766393,0.0439353344904,0.0457483971775,-0.00860547466555,2
-0.0106723256305,-0.0463655969289,-0.0109968838805,-0.0728271765987,0.0403118656794,-0.0473551377927,0.00214470591625,-0.050816901496,0.0582272551616,-0.00971210538983,1
0.0471077449309,-0.00111449494977,-0.00928590942934,-0.0579894868353,0.0489660024644,0.0442706621328,-0.0684132427225,0.0643518199026,-0.0229596485926,-0.0641765268553,0
0.0198103164536,0.0722108164878,0.0800677864685,-0.024429143741,0.0477395612997,-0.0325760912381,-0.0665156420338,0.0442153854013,0.038241877527,0.0139190571066,2
-0.0630234113347,-0.0486092619032,-0.0339290329783,-0.0228447767797,0.0411907035832,0.0569995401527,-0.0416055002354,0.00987851372902,-0.0216678634991,-0.0331244947685,3
0.0382475672945,-0.0103511503285,-0.0233454122203,-0.0613989360238,0.0622435905528,0.0356435372199,-0.0408374715185,0.0623830159035,-0.0227122941089,-0.0722115326021,0
-0.0671572387808,-0.0386894109759,-0.0411905752904,-0.0161415608265,0.0417287251003,0.0544513282623,-0.0505345604405,0.0118645300123,-0.0271450287273,-0.0528311460385,3
0.0371531291415,0.0582210310005,0.0891893893451,-0.0321879526779,0.0370760480181,-0.0326736677742,-0.075026834639,0.0420623450747,0.0559485781539,0.000690966622849,2
0.04664391239,-0.00782357928077,-0.013596831605,-0.051157994601,0.0573805690448,0.0453915309357,-0.0626105105814,0.0621021061585,-0.0483447153747,-0.0485306370895,0
0.062211155388,-0.0128736473666,-0.0297956194583,-0.0495740208075,0.0396201109029,0.0373306801658,-0.0514709825471,0.0565091738575,-0.0386596762757,-0.0753394180051,0
-0.0512940419813,-0.0566875746076,-0.0169137376147,-0.0234560049265,0.0451582459824,0.0565414409779,-0.0443866495381,0.00396282552815,-0.0165368205717,-0.0549418523765,3
-0.0101965498557,-0.0438216330692,-0.00522899191771,-0.0661085284482,0.0281037814369,-0.0465432460321,0.016822912509,-0.0547334109214,0.0640596739083,-0.0208149265325,1
0.0373675634497,-0.00229997606655,0.00331844747909,-0.0573819127127,0.0543250535671,0.0377876122074,-0.0474427956333,0.0639706448489,-0.0207904317456,-0.0775418701278,0
-0.0591775470458,-0.0393290678062,-0.0245568948109,-0.0143698742223,0.0439001831331,0.0547680804722,-0.0381664155718,-0.00342195940312,-0.0212198155166,-0.034511735479,3
0.0591783743034,0.00285582734542,0.0177843557381,-0.050566612879,0.0568255081927,0.0376978246008,-0.0456510237698,0.0478804404718,-0.0312196152392,-0.0589159938757,0
-0.0758559249526,-0.0413945470514,-0.0299516800956,-0.0177636032454,0.0351459861625,0.058595727278,-0.0365933869705,-0.00195008126734,-0.0129428531459,-0.0525906780495,3
-0.0635588557741,-0.0595702848283,-0.0446968099074,-0.0294861615911,0.0530962506884,0.0453074827301,-0.0357487848167,-0.0107552287779,-0.0164444812141,-0.0489512085391,3
0.0452079904842,-0.00265129676308,-0.0203836920875,-0.0585101662182,0.0541386184609,0.0394643098767,-0.0452905402618,0.0603109540462,-0.0332643581747,-0.0524493971161,0
0.0336865160572,0.062151480959,0.0724955298402,-0.0314235137123,0.0347654737481,-0.0417709645924,-0.0518226283061,0.0365358563731,0.0276539700744,0.00247068525998,2
0.0250466785205,0.059272024519,0.101607702205,-0.020983166819,0.0424952975581,-0.0256049630206,-0.052796075259,0.0365622302404,0.0375578201766,-0.0119906782417,2
0.00119599535803,-0.050967464646,-0.00736269463836,-0.0660271368694,0.0349897603208,-0.0476739804576,0.00598107144908,-0.0542085583431,0.0791798428406,-0.0189410881257,1
0.0330852686609,0.0494879979162,0.0949994936983,-0.0367025704929,0.0486286057417,-0.0385158391691,-0.0688119912162,0.0301306855599,0.0405095034713,-0.000381758554466,2
0.0466576997206,0.00936636810686,-0.0167166879956,-0.068621026766,0.0581690338092,0.043629880438,-0.0571590835479,0.0601441982755,-0.0349034913115,-0.049842895748,0
0.0553752444087,-0.00590134819038,-0.0144957311624,-0.0516122206304,0.0528661591978,0.0407367486881,-0.0590494653957,0.064009713148,-0.0384709785986,-0.0689984830305,0
0.0488576571228,-0.00125141385361,0.0198495504791,-0.0611248097694,0.0525947374151,0.0359147397957,-0.0444569764518,0.072528531442,-0.0268715183335,-0.072369768758,0
0.0317521075674,0.0595986512798,0.0760536944799,-0.0142479659689,0.0442614354596,-0.0510377901976,-0.050261366412,0.0408811942743,0.0325564028863,-0.0114293372578,2
-0.0212426976002,-0.0485481215265,-0.000181869627235,-0.0708796916754,0.0388642786222,-0.044926664433,0.00124514349842,-0.0471741277982,0.0790013799212,0.00132626224068,1
-0.019075969448,-0.0351180131353,-0.000944412637246,-0.061379140377,0.0311951048215,-0.0434064860343,0.00908118793116,-0.0571295594936,0.0822954725449,0.0156972760061,1
0.0505143893967,0.000404897387011,-0.00871662019986,-0.0527687924103,0.050820887752,0.0300470212161,-0.0497996913692,0.0582293319492,-0.0356434269809,-0.0662141254014,0
-0.0464476562661,-0.0564689720837,-0.0431199129841,-0.0205292245002,0.0514832074565,0.0504421601697,-0.0412449505821,0.00636960558857,-0.0165685383283,-0.0548200134239,3
-0.0770084618243,-0.0483462230873,-0.0353137676047,-0.0236411956131,0.0391957632251,0.0530009797499,-0.0348580397497,0.0182883180157,-0.0212606460198,-0.0447209399942,3
-0.00025622482056,-0.0406083954452,-0.00469578955089,-0.0580584798073,0.0392675949639,-0.0388221914483,0.00697540431235,-0.0685143896633,0.0489543236555,-0.0197159475718,1
-0.0108342283907,-0.0518663390171,0.0122382353432,-0.0590075840285,0.0267621329364,-0.0423778786912,-2.92542457557e-05,-0.0463794822175,0.0727488288812,-0.0208882656187,1
0.00331534343088,-0.0369845788713,-0.01262392425,-0.0610927607897,0.0253311191294,-0.043396979269,0.00251114264378,-0.0433805895469,0.0607094770978,-0.0110206665889,1
-0.0757270535083,-0.04615755595,-0.0278377120112,-0.0223353995529,0.0488141850735,0.0485604644165,-0.033737257839,0.0249807847906,-0.00767432487618,-0.0681639332693,3
0.0578573055729,0.00749083944031,0.0118376322209,-0.052851140669,0.0452618709537,0.041669805837,-0.0605847150882,0.0753114621288,-0.0346654359623,-0.0733452962513,0
0.0546868061561,-1.82558091524e-06,-0.0119132745344,-0.0549549268502,0.04830399091,0.047810908171,-0.0489696066123,0.0582656705909,-0.0198795763761,-0.0771978209507,0
-0.0559643349757,-0.0449607785728,-0.0373850036184,-0.0331884728433,0.0402046758512,0.0533965176705,-0.044240954424,-0.00630433645104,-0.0267006281032,-0.0469326760475,3
-0.0165808518522,-0.0427902591406,0.00932699915284,-0.0629180723316,0.028887775382,-0.0355124125429,0.00219791608486,-0.0328490871251,0.0607147237811,-0.000684502015191,1
0.0351366240048,-0.00545508769788,-0.0271054474155,-0.0595037431632,0.0473604447164,0.0340057813632,-0.0647465218324,0.0654711055496,-0.0411971707024,-0.0720298186028,0
0.00523395598172,-0.0369935001951,-0.00416713234248,-0.0598932161194,0.0363246344695,-0.0447611563585,0.0111873242934,-0.0533279701586,0.0640585739404,-0.00223745856475,1
-0.0674871449209,-0.0483304684434,-0.0262551217016,-0.0201370355935,0.0426165510211,0.0530062840074,-0.0284904837549,-0.00222271351317,-0.0180599485714,-0.039455131561,3
